1 0 0 0 0 1 0 0 0 0 1 0
0.999996 0.00254189 0.00142641 -0.0103451 -0.00253799 0.999993 -0.00272634 0.00136313 -0.00143333 0.00272271 0.999995 0.441078
0.999988 0.00483845 0.000725066 -0.0134473 -0.00483533 0.999979 -0.00423964 -0.0110527 -0.000745564 0.00423608 0.999991 0.870081
0.999991 0.00415291 0.000356781 -0.0413521 -0.00415196 0.999988 -0.00262354 -0.0479724 -0.000367672 0.00262203 0.999996 1.29124
0.999994 0.00202643 -0.00280987 -0.0432037 -0.00203668 0.999991 -0.00364908 -0.0510462 0.00280245 0.00365478 0.999989 1.71366
0.999982 0.000118735 -0.00601255 -0.0553151 -0.000136386 0.999996 -0.00293531 -0.0531509 0.00601218 0.00293608 0.999978 2.13756
0.999942 -0.00143671 -0.0106896 -0.0603737 0.00140744 0.999995 -0.00274542 -0.0512721 0.0106935 0.00273021 0.999939 2.58221
0.999899 0.000171874 -0.0141845 -0.0783401 -0.000204154 0.999997 -0.0022743 -0.0596032 0.0141841 0.00227696 0.999897 2.99539
0.999836 0.00160607 -0.018019 -0.0969057 -0.00165541 0.999995 -0.0027232 -0.0610919 0.0180145 0.00275259 0.999834 3.40611
0.999681 0.00110602 -0.0252142 -0.0889558 -0.00114999 0.999998 -0.00172925 -0.0883386 0.0252122 0.0017577 0.999681 3.78813
0.999542 0.00154779 -0.0302228 -0.111362 -0.00158229 0.999998 -0.00111772 -0.0996398 0.030221 0.00116503 0.999543 4.18986
0.999397 0.000166768 -0.0347126 -0.125532 -0.000232605 0.999998 -0.0018926 -0.0976049 0.0347122 0.00189954 0.999396 4.58159
0.999227 0.00155454 -0.0392745 -0.146732 -0.00169273 0.999992 -0.00348558 -0.0959586 0.0392688 0.00354937 0.999222 4.96571
0.999016 0.000987918 -0.0443397 -0.157868 -0.00119427 0.999989 -0.00462753 -0.0947102 0.0443346 0.00467593 0.999006 5.37734
0.998855 0.00200466 -0.0477957 -0.189756 -0.00221639 0.999988 -0.00437747 -0.100829 0.0477863 0.00447839 0.998848 5.75792
0.998613 0.00350261 -0.0525422 -0.202219 -0.00371814 0.999985 -0.00400478 -0.103353 0.0525274 0.00419458 0.998611 6.14491
0.998476 0.0070135 -0.0547366 -0.218027 -0.00715099 0.999972 -0.00231641 -0.109166 0.0547188 0.0027043 0.998498 6.52656
0.998129 0.00782962 -0.0606395 -0.207684 -0.00811837 0.999957 -0.0045168 -0.0942608 0.0606015 0.00500065 0.99815 6.87256
0.997998 0.0107175 -0.0623305 -0.233421 -0.0110623 0.999925 -0.00518818 -0.0906804 0.0622703 0.00586731 0.998042 7.18008
0.997764 0.00811504 -0.0663463 -0.224695 -0.00842476 0.999955 -0.00438977 -0.109344 0.0663077 0.00493891 0.997787 7.50659
0.997473 0.00617072 -0.0707711 -0.220992 -0.00639759 0.999975 -0.0029795 -0.123558 0.0707509 0.00342474 0.997488 7.81215
0.997346 0.00697695 -0.0724785 -0.239022 -0.00728438 0.999966 -0.00397814 -0.125995 0.0724483 0.00449554 0.997362 8.08295
0.997259 0.0080093 -0.0735504 -0.267972 -0.00837303 0.999954 -0.0046383 -0.1375 0.0735099 0.00524143 0.997281 8.3349
0.997134 0.00776006 -0.0752618 -0.279998 -0.00815228 0.999955 -0.00490559 -0.152577 0.0752203 0.00550508 0.997152 8.59875
0.997035 0.00472214 -0.0768042 -0.293406 -0.00507221 0.999978 -0.00436357 -0.164607 0.0767819 0.00474019 0.997037 8.85967
0.996962 0.00410297 -0.0777842 -0.30687 -0.0045728 0.999972 -0.00586305 -0.162354 0.077758 0.00620093 0.996953 9.11354
0.99702 0.00217935 -0.0771088 -0.346791 -0.00269095 0.999975 -0.00653153 -0.175385 0.0770926 0.00671956 0.997001 9.34255
0.996725 0.000968566 -0.0808549 -0.341698 -0.00167476 0.999961 -0.0086667 -0.173096 0.0808434 0.00877373 0.996688 9.61842
0.996403 0.00567717 -0.0845465 -0.345848 -0.00659022 0.999923 -0.0105242 -0.164484 0.0844803 0.0110435 0.996364 9.86534
0.996242 0.00837089 -0.0862077 -0.371038 -0.00920318 0.999915 -0.00926155 -0.163895 0.0861229 0.0100201 0.996234 10.1031
0.996208 0.00936027 -0.0864993 -0.394843 -0.00994441 0.999931 -0.0063247 -0.159558 0.086434 0.0071609 0.996232 10.3535
0.996177 0.00718476 -0.0870595 -0.411616 -0.00765777 0.999958 -0.00510041 -0.159701 0.0870192 0.00574759 0.99619 10.5954
0.996081 0.00722527 -0.0881472 -0.426319 -0.00791738 0.99994 -0.0075046 -0.160232 0.0880877 0.00817309 0.996079 10.846
0.996098 0.00834444 -0.0878553 -0.450663 -0.00925449 0.999908 -0.0099563 -0.179487 0.0877641 0.0107305 0.996083 11.0818
0.996112 0.00933681 -0.0875942 -0.476001 -0.010357 0.999884 -0.0111992 -0.186913 0.0874795 0.0120629 0.996093 11.3215
0.996145 0.0111576 -0.0870107 -0.498855 -0.0123467 0.999837 -0.0131393 -0.182773 0.08685 0.0141629 0.996121 11.5845
0.996222 0.0118356 -0.0860302 -0.522739 -0.0130714 0.999819 -0.0138159 -0.186775 0.0858511 0.0148882 0.996197 11.8211
0.996185 0.0104463 -0.0866365 -0.528348 -0.0117403 0.999827 -0.0144392 -0.188988 0.0864706 0.0154012 0.996135 12.0705
0.996192 0.00921467 -0.0866996 -0.547759 -0.010369 0.999863 -0.0128736 -0.192739 0.0865692 0.0137236 0.996151 12.3013
0.996347 0.01189 -0.0845627 -0.586488 -0.0132816 0.999785 -0.0159133 -0.200802 0.0843553 0.0169783 0.996291 12.5337
0.996408 0.0149343 -0.0833517 -0.620401 -0.0169847 0.999569 -0.0239438 -0.203611 0.0829582 0.0252735 0.996232 12.7727
0.996466 0.0147422 -0.0826982 -0.630666 -0.017537 0.999296 -0.0331712 -0.19594 0.0821509 0.0345042 0.996022 13.0894
0.996613 0.0122029 -0.0813258 -0.656977 -0.0152602 0.999196 -0.0370791 -0.193266 0.0808079 0.0381946 0.995998 13.3706
0.996698 0.00572653 -0.0809995 -0.672904 -0.00857594 0.999355 -0.034874 -0.202066 0.0807476 0.0354535 0.996104 13.7022
0.99697 0.00796964 -0.077375 -0.710353 -0.0105479 0.999401 -0.0329702 -0.216231 0.0770658 0.0336864 0.996457 14.0222
0.997055 0.0106494 -0.0759523 -0.729174 -0.0131172 0.9994 -0.0320671 -0.218345 0.0755652 0.032969 0.996596 14.3798
0.997137 0.0118579 -0.0746805 -0.74334 -0.014339 0.99936 -0.0327741 -0.2195 0.074244 0.0337511 0.996669 14.7516
0.997129 0.0128694 -0.0746253 -0.742809 -0.0158872 0.999074 -0.0399871 -0.169752 0.0740416 0.0410578 0.99641 15.1443
0.99737 0.0128776 -0.0713231 -0.785492 -0.0158971 0.998994 -0.0419318 -0.179826 0.0707114 0.0429554 0.996571 15.5167
0.997531 0.0145078 -0.0687167 -0.823844 -0.0174678 0.998936 -0.0426718 -0.197692 0.0680245 0.0437668 0.996723 15.8924
0.997589 0.0143469 -0.067895 -0.84499 -0.0174463 0.998822 -0.0452798 -0.166894 0.0671654 0.0463552 0.996664 16.2927
0.997777 0.013339 -0.0652934 -0.900853 -0.0164124 0.998771 -0.0467633 -0.153184 0.0645894 0.047731 0.99677 16.7031
0.997805 0.0157209 -0.0643306 -0.925332 -0.0186499 0.998805 -0.0451852 -0.19041 0.0635433 0.0462858 0.996905 17.1277
0.997866 0.0175331 -0.0628908 -0.967206 -0.0204174 0.998755 -0.0455167 -0.2039 0.0620144 0.0467037 0.996982 17.5502
0.997777 0.0192177 -0.0638059 -0.995255 -0.0220588 0.998782 -0.044125 -0.242809 0.0628802 0.0454344 0.996986 17.9941
0.997615 0.0208394 -0.0658072 -1.01853 -0.0237551 0.998756 -0.0438391 -0.248908 0.0648118 0.0452978 0.996869 18.4598
0.997713 0.018183 -0.0650965 -1.0696 -0.0209088 0.998922 -0.0414388 -0.286792 0.0642729 0.0427051 0.997018 18.9122
0.997658 0.0182188 -0.0659263 -1.10694 -0.0209561 0.998936 -0.0410704 -0.306605 0.0651079 0.0423558 0.996979 19.3568
0.997447 0.0210734 -0.0682306 -1.14363 -0.0242028 0.998677 -0.0453686 -0.305671 0.0671843 0.0469041 0.996637 19.8215
0.997432 0.0256179 -0.0668879 -1.20523 -0.0287638 0.998504 -0.0465015 -0.317549 0.0655965 0.048306 0.996676 20.2753
0.997347 0.030995 -0.0658649 -1.25306 -0.0341407 0.998303 -0.0471836 -0.313997 0.0642906 0.0493071 0.996712 20.757
0.997396 0.0332769 -0.0639786 -1.31023 -0.0358116 0.998602 -0.0388877 -0.371834 0.0625951 0.0410777 0.997193 21.1932
0.997364 0.0375452 -0.0620993 -1.37514 -0.0398821 0.998525 -0.0368297 -0.388194 0.060625 0.0392092 0.99739 21.6586
0.99733 0.036136 -0.063453 -1.38248 -0.0383887 0.998662 -0.0346493 -0.422994 0.062116 0.0369927 0.997383 22.1466
0.997195 0.0401883 -0.0631358 -1.43234 -0.0422772 0.99859 -0.0321061 -0.458616 0.0617565 0.0346852 0.997488 22.6259
0.997091 0.0426982 -0.0631326 -1.48183 -0.0448085 0.99847 -0.0323956 -0.482548 0.0616527 0.0351302 0.997479 23.1053
0.996975 0.0434208 -0.0644677 -1.50716 -0.0458193 0.998293 -0.0362043 -0.476919 0.0627857 0.0390487 0.997263 23.5957
0.996937 0.0383008 -0.0681864 -1.51205 -0.0411346 0.998326 -0.040651 -0.481633 0.0665153 0.0433314 0.996844 24.0925
0.996941 0.0369821 -0.0688494 -1.54451 -0.0398593 0.998368 -0.0408958 -0.511652 0.0672247 0.043515 0.996788 24.6101
0.996995 0.0371536 -0.0679739 -1.58986 -0.0399488 0.998391 -0.040235 -0.54179 0.0663697 0.0428296 0.996875 25.1056
0.997037 0.0388434 -0.0663927 -1.64205 -0.0415198 0.99836 -0.0394191 -0.570567 0.0647527 0.0420589 0.997015 25.6056
0.997006 0.0409503 -0.0655924 -1.67476 -0.0434844 0.998343 -0.0376837 -0.605632 0.0639405 0.0404231 0.997135 26.1147
0.997117 0.040827 -0.0639555 -1.71852 -0.0433147 0.998338 -0.0380058 -0.628456 0.0622976 0.0406664 0.997229 26.6181
0.99723 0.0399203 -0.0627513 -1.74987 -0.0423609 0.998377 -0.0380559 -0.656095 0.0611303 0.0406087 0.997303 27.1308
0.99731 0.0380016 -0.0626855 -1.76835 -0.0404523 0.998447 -0.0383 -0.662638 0.0611327 0.0407328 0.997298 27.6626
0.997429 0.0404127 -0.0591732 -1.81282 -0.0427013 0.998367 -0.0379369 -0.688464 0.0575434 0.0403662 0.997527 28.1683
0.997575 0.0388405 -0.0577571 -1.85205 -0.0411088 0.998408 -0.0386169 -0.714901 0.0561653 0.0408976 0.997584 28.683
0.997555 0.0378557 -0.0587383 -1.85522 -0.040201 0.998419 -0.0392742 -0.738788 0.0571587 0.0415395 0.997501 29.2396
0.997456 0.0414309 -0.058009 -1.88181 -0.0438514 0.998193 -0.0410932 -0.754093 0.0562016 0.0435324 0.99747 29.7823
0.997381 0.0419968 -0.0588797 -1.89155 -0.0443719 0.998229 -0.0396287 -0.78453 0.0571111 0.0421375 0.997478 30.3338
0.99738 0.0430656 -0.0581183 -1.92707 -0.0454461 0.998154 -0.0402795 -0.808314 0.0562764 0.0428153 0.997497 30.9003
0.997371 0.0437343 -0.0577707 -1.9563 -0.0461721 0.998069 -0.0415602 -0.821324 0.0558415 0.0441184 0.997464 31.458
0.997381 0.0437323 -0.0576003 -1.97746 -0.0461705 0.998063 -0.0417027 -0.861964 0.055665 0.0442529 0.997468 31.9919
0.997224 0.0441882 -0.0599387 -1.98012 -0.0469036 0.9979 -0.0446789 -0.865871 0.0578386 0.0473662 0.997202 32.55
0.997193 0.044947 -0.0598792 -2.01776 -0.0476701 0.997856 -0.0448521 -0.904405 0.0577348 0.0475806 0.997197 33.106
0.996999 0.0460463 -0.0622235 -2.02102 -0.0488865 0.997794 -0.0449197 -0.946035 0.0600178 0.0478268 0.997051 33.6438
0.997043 0.0457245 -0.0617674 -2.07306 -0.0485888 0.997773 -0.0456939 -0.977597 0.0595405 0.0485599 0.997044 34.2379
0.996992 0.046285 -0.0621738 -2.10186 -0.0492208 0.997703 -0.0465482 -0.997205 0.0598765 0.0494684 0.996979 34.838
0.996913 0.0451859 -0.0642115 -2.10804 -0.0482502 0.997729 -0.0470005 -1.03295 0.0619419 0.0499536 0.996829 35.4449
0.996859 0.0469896 -0.063748 -2.15837 -0.0500078 0.997661 -0.0466076 -1.07574 0.0614088 0.0496491 0.996877 36.0201
0.996792 0.0462108 -0.0653535 -2.18016 -0.0493615 0.997653 -0.0474461 -1.09372 0.0630077 0.0505199 0.996734 36.6247
0.996672 0.0476962 -0.0661036 -2.20678 -0.0508127 0.997635 -0.0462943 -1.12693 0.0637392 0.0494991 0.996738 37.1911
0.996612 0.0482119 -0.0666288 -2.24757 -0.0512996 0.997649 -0.0454354 -1.16578 0.0642817 0.0486995 0.996743 37.7902
0.996576 0.0482397 -0.067147 -2.29177 -0.0513288 0.997664 -0.0450658 -1.19863 0.0648163 0.048358 0.996725 38.3714
0.996458 0.0487208 -0.068535 -2.32443 -0.0519172 0.997607 -0.0456577 -1.21078 0.0661465 0.0490541 0.996603 38.9609
0.996657 0.0475498 -0.0664422 -2.41151 -0.0504563 0.99781 -0.042774 -1.27436 0.0642628 0.0459835 0.996873 39.5294
0.996467 0.0482938 -0.0687098 -2.42926 -0.0513636 0.997726 -0.0436354 -1.30025 0.0664462 0.0470104 0.996682 40.1299
0.996245 0.0472752 -0.0725321 -2.43115 -0.0506746 0.997666 -0.045765 -1.30807 0.0701993 0.0492687 0.996316 40.7082
0.996216 0.0456761 -0.0739401 -2.47463 -0.049279 0.997647 -0.0476584 -1.32606 0.0715893 0.0511218 0.996123 41.3045
0.996343 0.0405862 -0.0751888 -2.53425 -0.0443476 0.997811 -0.0490518 -1.33998 0.0730334 0.0522068 0.995962 41.9207
0.996144 0.0411089 -0.0775107 -2.56203 -0.0450064 0.997773 -0.0492252 -1.36926 0.0753145 0.0525239 0.995776 42.5213
0.995908 0.0374035 -0.0822714 -2.55539 -0.041581 0.9979 -0.0496636 -1.40464 0.080241 0.0528813 0.995372 43.1567
0.995774 0.037974 -0.0836213 -2.60291 -0.0422999 0.997824 -0.0505819 -1.42508 0.0815185 0.0539053 0.995213 43.767
0.995573 0.0404668 -0.0848339 -2.65402 -0.0448169 0.997742 -0.050016 -1.4702 0.0826184 0.0535966 0.995139 44.3801
0.995464 0.0417793 -0.0854779 -2.71408 -0.0463701 0.997547 -0.052446 -1.49676 0.083077 0.0561717 0.994959 44.9826
0.995007 0.0437523 -0.0897017 -2.73045 -0.0487498 0.997334 -0.0542987 -1.53977 0.0870868 0.0584005 0.994487 45.5907
0.995243 0.0402577 -0.0887216 -2.81961 -0.0453512 0.997391 -0.0561608 -1.60387 0.0862292 0.0599173 0.994472 46.1813
0.99509 0.0392151 -0.0908687 -2.85972 -0.0445723 0.997339 -0.057696 -1.64766 0.0883643 0.061463 0.99419 46.777
0.995059 0.0402907 -0.0907469 -2.93521 -0.0458053 0.997175 -0.0595285 -1.68491 0.0880921 0.063391 0.994093 47.3816
0.994844 0.0427466 -0.0919702 -2.98786 -0.0482349 0.997133 -0.0583025 -1.72295 0.0892143 0.0624381 0.994053 47.9841
0.994719 0.0441415 -0.0926566 -3.0471 -0.0493622 0.997275 -0.0548291 -1.75199 0.0899839 0.0591132 0.994187 48.5969
0.994668 0.0440634 -0.0932384 -3.10228 -0.0488385 0.997576 -0.0495663 -1.78118 0.0908283 0.0538556 0.994409 49.2214
0.994731 0.0447323 -0.0922444 -3.16651 -0.048731 0.997947 -0.0415618 -1.82551 0.0901958 0.045838 0.994869 49.8703
0.994688 0.0447845 -0.0926829 -3.2126 -0.0481189 0.998261 -0.0340589 -1.88452 0.0909964 0.0383377 0.995113 50.4813
0.994982 0.0459966 -0.0888589 -3.29371 -0.048838 0.998354 -0.0300704 -1.92464 0.0873295 0.0342592 0.99559 51.0706
0.994939 0.0474586 -0.0885711 -3.34042 -0.0502856 0.998285 -0.029963 -1.95871 0.0869972 0.0342652 0.995619 51.6779
0.995133 0.050543 -0.0845971 -3.42006 -0.0536082 0.997971 -0.0343604 -1.97867 0.0826887 0.0387283 0.995823 52.2895
0.995165 0.0523626 -0.0830924 -3.47617 -0.0557502 0.997683 -0.0389856 -1.99493 0.0808585 0.0434296 0.995779 52.8964
0.995254 0.0528944 -0.0816742 -3.527 -0.056526 0.997483 -0.0428094 -2.01125 0.0792042 0.047223 0.995739 53.4991
0.995521 0.0510689 -0.0795563 -3.59115 -0.0547775 0.997477 -0.0451518 -2.05321 0.0770497 0.0493075 0.995807 54.0915
0.995637 0.0524411 -0.0771791 -3.6507 -0.0560991 0.997364 -0.0460149 -2.09263 0.0745626 0.0501438 0.995955 54.7034
0.995556 0.0536924 -0.0773677 -3.69263 -0.0575907 0.997134 -0.0490681 -2.09441 0.0745114 0.0533057 0.995794 55.3009
0.995564 0.0539628 -0.0770715 -3.75006 -0.0579411 0.99705 -0.0503496 -2.11097 0.0741271 0.0545918 0.995753 55.9218
0.995564 0.0556755 -0.0758482 -3.81269 -0.0595911 0.996951 -0.0503766 -2.15634 0.0728121 0.054673 0.995846 56.5373
0.995391 0.0558773 -0.0779454 -3.83888 -0.0599652 0.99689 -0.0511295 -2.18132 0.074846 0.0555678 0.995646 57.1566
0.995353 0.0542176 -0.0795832 -3.87807 -0.0582841 0.997062 -0.0496951 -2.23815 0.076655 0.0541026 0.995589 57.7593
0.995153 0.0575045 -0.0797776 -3.92788 -0.0615576 0.996885 -0.0493103 -2.28953 0.0766935 0.0539822 0.995592 58.3571
0.995118 0.0584585 -0.0795175 -3.99986 -0.0625081 0.99682 -0.0494267 -2.31967 0.0763752 0.0541559 0.995607 58.9594
0.994724 0.0598449 -0.0833244 -3.99931 -0.0642037 0.996651 -0.0506512 -2.3417 0.0800141 0.0557337 0.995234 59.5596
0.99476 0.0603468 -0.0825289 -4.06965 -0.064558 0.996693 -0.0493457 -2.38359 0.0792781 0.054415 0.995366 60.1376
0.994747 0.062396 -0.081151 -4.14717 -0.0664399 0.996629 -0.0481226 -2.43294 0.0778748 0.0532614 0.995539 60.7454
0.994791 0.0623458 -0.0806526 -4.21859 -0.0663676 0.996631 -0.0481829 -2.4654 0.0773769 0.0532847 0.995577 61.3518
0.994757 0.0626116 -0.0808561 -4.2708 -0.0666815 0.996587 -0.0486545 -2.4964 0.0775339 0.053791 0.995538 61.9457
0.994813 0.0633414 -0.079589 -4.34606 -0.0673437 0.996543 -0.0486487 -2.5289 0.0762324 0.0537562 0.99564 62.5327
0.994521 0.0635274 -0.0830192 -4.35443 -0.0678057 0.996456 -0.0497705 -2.55083 0.0795632 0.0551269 0.995304 63.1257
0.9946 0.064761 -0.0810954 -4.43265 -0.0688098 0.996466 -0.048166 -2.60665 0.0776896 0.0534861 0.995542 63.7354
0.994304 0.0652901 -0.0842413 -4.45678 -0.0695921 0.996362 -0.0491807 -2.62861 0.0807238 0.0547631 0.995231 64.3299
0.994179 0.0656508 -0.0854347 -4.51695 -0.0699745 0.996362 -0.0486354 -2.66828 0.081931 0.0543305 0.995156 64.9092
0.994301 0.0646496 -0.0847686 -4.59345 -0.0689749 0.996408 -0.0491273 -2.68862 0.081288 0.0546943 0.995189 65.479
0.994196 0.0660582 -0.0849167 -4.66717 -0.070166 0.996459 -0.0463329 -2.73976 0.0815554 0.0520222 0.99531 66.0487
0.99385 0.0664036 -0.0886143 -4.70661 -0.0706099 0.996479 -0.0452045 -2.77694 0.0853006 0.0511836 0.99504 66.6268
0.993515 0.0665949 -0.0921548 -4.74271 -0.0714573 0.996164 -0.0505072 -2.74985 0.0884378 0.0567648 0.994463 67.193
0.992243 0.0722759 -0.101147 -4.72728 -0.0764755 0.996337 -0.0382717 -2.89731 0.09801 0.04571 0.994135 67.7498
0.994204 0.0722864 -0.0795855 -5.04289 -0.0749942 0.996684 -0.0315744 -2.98769 0.0770392 0.0373598 0.996328 68.2873
0.993778 0.0740272 -0.0832148 -5.09024 -0.0761857 0.996827 -0.023066 -3.08083 0.0812433 0.0292623 0.996265 68.845
0.993186 0.0763559 -0.088047 -5.12882 -0.0785852 0.996662 -0.0221327 -3.10947 0.0860631 0.0289011 0.99587 69.4038
0.993106 0.076204 -0.0890736 -5.20701 -0.0786216 0.996617 -0.0239509 -3.12594 0.0869471 0.0307889 0.995737 69.9626
0.993201 0.0766301 -0.0876305 -5.30429 -0.0788617 0.996636 -0.0222892 -3.16367 0.0856277 0.0290483 0.995904 70.5045
0.993252 0.0768026 -0.0869055 -5.39271 -0.0791663 0.99657 -0.0240828 -3.17895 0.0847578 0.0308003 0.995925 71.0559
0.992058 0.0782351 -0.0984927 -5.38972 -0.0811549 0.996363 -0.0259899 -3.19271 0.0961011 0.0337767 0.994798 71.6069
0.991649 0.0772629 -0.10326 -5.4434 -0.0806839 0.996307 -0.0293678 -3.20261 0.100609 0.037454 0.994221 72.1363
0.991094 0.081044 -0.105661 -5.4933 -0.0843504 0.996065 -0.0272007 -3.23209 0.103041 0.0358711 0.99403 72.6389
0.990921 0.0814775 -0.106945 -5.54937 -0.0848326 0.996024 -0.0271989 -3.24843 0.104304 0.0360244 0.993893 73.1365
0.990842 0.0839062 -0.105789 -5.6029 -0.0871534 0.995844 -0.0264469 -3.26298 0.10313 0.0354246 0.994037 73.6142
0.991141 0.0809955 -0.10526 -5.63006 -0.0844849 0.995999 -0.0291175 -3.25573 0.102481 0.0377525 0.994018 74.06
0.991707 0.0804384 -0.100235 -5.68084 -0.0839491 0.995978 -0.0313069 -3.24846 0.0973136 0.0394619 0.994471 74.5411
0.992317 0.0845631 -0.0903136 -5.73972 -0.0877253 0.995642 -0.0316299 -3.26501 0.0872453 0.0393097 0.995411 75.0679
0.992872 0.0912007 -0.0767246 -5.76362 -0.0939564 0.995026 -0.0331006 -3.23172 0.0733242 0.0400734 0.996503 75.537
0.994212 0.0918942 -0.0556672 -5.79178 -0.0940222 0.994886 -0.036892 -3.21934 0.0519924 0.0419124 0.997768 76.0476
0.994362 0.103226 -0.0242557 -5.88412 -0.104026 0.993978 -0.0344463 -3.27026 0.0205539 0.0367753 0.999112 76.5689
0.994337 0.10591 0.00872479 -5.88768 -0.105522 0.99373 -0.0369522 -3.28466 -0.0125837 0.0358223 0.999279 77.0697
0.993117 0.107632 0.0461916 -5.86528 -0.105824 0.993582 -0.0399501 -3.31547 -0.050195 0.034787 0.998133 77.4932
0.990643 0.105229 0.086913 -5.79632 -0.101661 0.993822 -0.0445208 -3.34188 -0.091061 0.0352686 0.995221 77.8831
0.985441 0.107849 0.131434 -5.7071 -0.10291 0.993725 -0.0438292 -3.44285 -0.135336 0.0296652 0.990356 78.1164
0.97777 0.11089 0.177959 -5.5922 -0.105832 0.993669 -0.0376948 -3.65429 -0.181012 0.018023 0.983316 78.1361
0.966223 0.105967 0.234914 -5.61262 -0.0996277 0.994271 -0.0387261 -3.7894 -0.237672 0.0140141 0.971244 78.3946
0.95166 0.102495 0.289548 -5.46205 -0.0934422 0.994609 -0.0449575 -3.79231 -0.292596 0.0157282 0.956107 78.7367
0.933001 0.0975825 0.346392 -5.30461 -0.0862791 0.995117 -0.0479443 -3.83298 -0.349379 0.0148457 0.936864 79.0386
0.911169 0.092825 0.40144 -5.07626 -0.0789977 0.995574 -0.0509013 -3.8739 -0.404388 0.0146669 0.91447 79.3523
0.884645 0.0873268 0.458014 -4.87868 -0.071264 0.996087 -0.052273 -3.91975 -0.460786 0.0136032 0.887407 79.6334
0.855117 0.0832835 0.511702 -4.63166 -0.0638788 0.996417 -0.0554255 -3.94447 -0.514485 0.0147084 0.857373 79.9341
0.820189 0.0843582 0.565839 -4.40939 -0.0584147 0.996248 -0.0638531 -3.90889 -0.569103 0.0193182 0.822039 80.2183
0.780362 0.0844939 0.619593 -4.17107 -0.0556826 0.996282 -0.0657321 -3.987 -0.622844 0.0167943 0.782166 80.519
0.737485 0.0879383 0.669614 -3.84713 -0.0558428 0.996031 -0.0693027 -4.00676 -0.673051 0.0137166 0.739469 80.8171
0.689886 0.0889686 0.71843 -3.5267 -0.0525109 0.995955 -0.072912 -4.00415 -0.722011 0.0125756 0.691768 81.0956
0.639216 0.0882123 0.763951 -3.18375 -0.0477623 0.996036 -0.0750468 -4.04911 -0.767543 0.011483 0.640895 81.2826
0.579397 0.0886997 0.810205 -2.94163 -0.0433645 0.996007 -0.0780301 -4.08244 -0.813891 0.0100763 0.58093 81.5059
0.520685 0.091333 0.84885 -2.57355 -0.0424957 0.995801 -0.0810776 -4.11524 -0.852691 0.00614339 0.52238 81.6844
0.460239 0.091274 0.883091 -2.23525 -0.0378293 0.995814 -0.0832094 -4.16225 -0.886989 0.00488953 0.461765 81.8368
0.403682 0.0907639 0.910386 -1.85946 -0.0326099 0.995862 -0.0848259 -4.21577 -0.914318 0.00455509 0.404971 81.9489
0.352253 0.089802 0.931587 -1.46591 -0.0204015 0.995886 -0.088286 -4.24424 -0.935683 0.0120932 0.352636 82.0331
0.302588 0.0895287 0.948907 -1.04164 -0.0128504 0.995871 -0.089862 -4.29436 -0.953035 0.0149973 0.302489 82.1514
0.258669 0.0903938 0.961727 -0.627202 -0.00733971 0.995767 -0.0916191 -4.32629 -0.965938 0.0166402 0.258237 82.2224
0.216277 0.0900108 0.972174 -0.230482 -0.00428539 0.995819 -0.0912467 -4.38598 -0.976323 0.0155684 0.215758 82.3268
0.178787 0.0912696 0.979645 0.195708 -0.00101355 0.995705 -0.0925808 -4.42394 -0.983887 0.0155593 0.178112 82.4084
0.146558 0.0918651 0.984927 0.610753 0.00243183 0.995642 -0.0932263 -4.46463 -0.989199 0.0160582 0.145696 82.4592
0.11835 0.0937387 0.988537 1.03603 0.00700573 0.995431 -0.0952311 -4.49894 -0.992947 0.018196 0.117152 82.498
0.0920453 0.0944083 0.991269 1.47847 0.00933317 0.99537 -0.0956655 -4.55119 -0.995711 0.0180572 0.090738 82.5438
0.068207 0.0958759 0.993054 1.93145 0.0132521 0.995197 -0.096993 -4.58186 -0.997583 0.0197757 0.0666088 82.5775
0.0502784 0.0965955 0.994053 2.384 0.01658 0.995094 -0.0975353 -4.63402 -0.998598 0.0213853 0.0484302 82.5784
0.035229 0.0977927 0.994583 2.8403 0.0207638 0.994914 -0.0985608 -4.69112 -0.999164 0.0241236 0.0330193 82.5673
0.0222791 0.0993081 0.994807 3.33752 0.0227441 0.994746 -0.0998113 -4.74326 -0.999493 0.0248497 0.0199034 82.5658
0.0123168 0.100008 0.99491 3.83876 0.0242821 0.994662 -0.100284 -4.79822 -0.999629 0.0253937 0.0098226 82.5626
0.0045391 0.0990952 0.995068 4.33497 0.0255941 0.99474 -0.0991794 -4.86421 -0.999662 0.025918 0.00197898 82.5793
0.00154111 0.0992744 0.995059 4.86361 0.026748 0.9947 -0.09928 -4.92108 -0.999641 0.0267689 -0.00112245 82.5602
-0.000832577 0.100147 0.994972 5.40351 0.0273088 0.994604 -0.100087 -4.97019 -0.999627 0.0270881 -0.00356298 82.5569
-0.00241709 0.0981114 0.995173 5.92644 0.0286888 0.994773 -0.0980023 -5.03776 -0.999585 0.0283134 -0.00521915 82.5644
-0.00181358 0.0975806 0.995226 6.51918 0.0269022 0.994872 -0.0974969 -5.10233 -0.999636 0.026597 -0.00442942 82.5775
0.000239554 0.0967091 0.995313 7.1023 0.0266808 0.994958 -0.096681 -5.17118 -0.999644 0.0265789 -0.00234193 82.5889
-5.99756e-05 0.0959785 0.995383 7.70188 0.0257888 0.995052 -0.0959451 -5.23596 -0.999667 0.025664 -0.00253485 82.6384
-0.000667768 0.0947197 0.995504 8.26327 0.0246852 0.995202 -0.0946744 -5.31406 -0.999695 0.024511 -0.00300274 82.6819
0.00303045 0.0948324 0.995489 8.89425 0.0241318 0.995196 -0.094878 -5.37978 -0.999704 0.0243104 0.000727419 82.6904
0.00742234 0.0931754 0.995622 9.52047 0.0224223 0.995384 -0.0933202 -5.44821 -0.999721 0.0230168 0.00529887 82.6923
0.0130684 0.0938844 0.995497 10.1686 0.0210484 0.995336 -0.0941455 -5.49333 -0.999693 0.022184 0.0110313 82.6854
0.0187154 0.0933261 0.99546 10.812 0.0212134 0.995373 -0.0937168 -5.55737 -0.9996 0.0228711 0.016649 82.6824
0.0232305 0.093803 0.99532 11.4892 0.0214239 0.995313 -0.0943024 -5.59428 -0.999501 0.0235143 0.021112 82.698
0.0287599 0.0934476 0.995209 12.1569 0.0215567 0.995331 -0.094082 -5.66235 -0.999354 0.0241592 0.0266112 82.7127
0.0325214 0.0934889 0.995089 12.8347 0.0212529 0.995326 -0.0942058 -5.71136 -0.999245 0.0242122 0.0303824 82.751
0.0384244 0.0923087 0.994989 13.4979 0.0204425 0.995443 -0.0931402 -5.78128 -0.999052 0.0239189 0.0363623 82.7609
0.0442643 0.09166 0.994806 14.1881 0.0202567 0.995495 -0.0926248 -5.8592 -0.998814 0.0242515 0.0422082 82.7847
0.0483216 0.092142 0.994573 14.882 0.0198223 0.995451 -0.0931865 -5.92344 -0.998635 0.0242177 0.0462753 82.8088
0.0509412 0.0927699 0.994384 15.5971 0.0179013 0.995432 -0.0937847 -5.99724 -0.998541 0.0225782 0.0490478 82.8162
0.0485601 0.0966796 0.99413 16.3212 0.0180515 0.995057 -0.0976515 -6.04057 -0.998657 0.0226875 0.0465748 82.8944
0.0482615 0.0982318 0.993993 17.0295 0.0187115 0.994889 -0.0992289 -6.10728 -0.998659 0.023388 0.0461768 82.9331
0.0477548 0.0989412 0.993947 17.7445 0.0197785 0.994793 -0.0999758 -6.18968 -0.998663 0.0244331 0.0455492 82.9687
0.0470589 0.100194 0.993854 18.4481 0.0198906 0.994665 -0.101217 -6.25262 -0.998694 0.0245316 0.044815 83.0045
0.0463698 0.0982386 0.994082 19.1807 0.0187976 0.99489 -0.0991953 -6.35373 -0.998747 0.023286 0.0442863 83.0372
0.0448198 0.0995385 0.994024 19.9218 0.0179683 0.994782 -0.100425 -6.41592 -0.998833 0.0223619 0.0427974 83.0884
0.0444315 0.100192 0.993976 20.6659 0.017546 0.994726 -0.101052 -6.48639 -0.998858 0.0219302 0.0424392 83.1142
0.0432775 0.100933 0.993952 21.4199 0.0173947 0.994657 -0.101762 -6.56479 -0.998912 0.0216935 0.0412906 83.1626
0.0431241 0.102369 0.993811 22.1356 0.0178519 0.994499 -0.103214 -6.64804 -0.99891 0.0221924 0.0410594 83.2098
0.0460085 0.102536 0.993665 22.8696 0.0186699 0.994456 -0.103482 -6.7339 -0.998767 0.0233127 0.0438391 83.2053
0.0467058 0.103279 0.993555 23.61 0.0191456 0.994365 -0.104264 -6.81877 -0.998725 0.0238919 0.0444653 83.2368
0.0477641 0.101427 0.993696 24.3491 0.0211083 0.994506 -0.102525 -6.91684 -0.998636 0.0258722 0.0453608 83.2736
0.0491574 0.10021 0.993751 25.0812 0.0211406 0.994627 -0.101344 -6.99504 -0.998567 0.0259903 0.0467748 83.2868
0.0487661 0.0991236 0.993879 25.8213 0.0202522 0.994761 -0.100205 -7.07245 -0.998605 0.0250149 0.0465031 83.336
0.0489342 0.0986239 0.993921 26.5475 0.0191741 0.994837 -0.0996588 -7.1446 -0.998618 0.0239342 0.0467905 83.3812
0.0500135 0.0992313 0.993807 27.288 0.0186026 0.994787 -0.100265 -7.21328 -0.998575 0.023502 0.0479068 83.4068
0.0506167 0.10201 0.993495 28.0222 0.017079 0.994536 -0.102987 -7.26222 -0.998572 0.0221808 0.0485979 83.4414
0.0493217 0.103683 0.993387 28.7369 0.0146321 0.994415 -0.104517 -7.33627 -0.998676 0.0196903 0.0475292 83.4728
0.0467652 0.10414 0.993463 29.4635 0.0118922 0.994422 -0.1048 -7.41828 -0.998835 0.0167154 0.0452659 83.5134
0.0446615 0.102681 0.993711 30.185 0.0108947 0.994595 -0.103262 -7.53742 -0.998943 0.015438 0.0433014 83.5435
0.042421 0.102758 0.993801 30.9094 0.0101218 0.994602 -0.103273 -7.62273 -0.999049 0.01444 0.0411519 83.5789
0.0411765 0.104096 0.993714 31.642 0.00947148 0.994473 -0.104568 -7.69526 -0.999107 0.0137177 0.0399629 83.5983
0.0384886 0.103883 0.993844 32.3617 0.00938945 0.9945 -0.104316 -7.7924 -0.999215 0.0133466 0.0373015 83.6479
0.0368206 0.104384 0.993855 33.0893 0.00818904 0.994465 -0.104751 -7.87298 -0.999288 0.0119957 0.035762 83.6776
0.0334101 0.102855 0.994135 33.7992 0.0080239 0.994631 -0.103176 -7.97856 -0.99941 0.011424 0.0324054 83.764
0.0317071 0.102901 0.994186 34.5259 0.00839425 0.994624 -0.103214 -8.05922 -0.999462 0.0116181 0.0306729 83.802
0.0320123 0.103248 0.99414 35.263 0.0079492 0.994592 -0.103551 -8.1411 -0.999456 0.0112175 0.0310185 83.8223
0.0324997 0.104749 0.993967 36.013 0.0075748 0.994438 -0.105046 -8.2048 -0.999443 0.0109431 0.0315255 83.8357
0.0330819 0.105533 0.993865 36.7539 0.00743828 0.994356 -0.105832 -8.28995 -0.999425 0.0108938 0.0321102 83.859
0.0340551 0.10334 0.994063 37.4844 0.00711359 0.99459 -0.103638 -8.41252 -0.999395 0.0106008 0.0331358 83.8774
0.035718 0.105783 0.993748 38.241 0.00598797 0.994342 -0.106061 -8.468 -0.999344 0.00973882 0.0348824 83.8758
0.0363146 0.105371 0.99377 38.9732 0.0059573 0.994385 -0.105654 -8.5583 -0.999323 0.00975696 0.035483 83.8984
0.0369988 0.105415 0.99374 39.7119 0.00585924 0.994381 -0.105701 -8.64351 -0.999298 0.00973337 0.0361732 83.9271
0.0369778 0.10546 0.993736 40.4487 0.00532827 0.994381 -0.105727 -8.72829 -0.999302 0.00920444 0.0362081 83.9623
0.0355672 0.106316 0.993696 41.1571 0.00334153 0.994307 -0.1065 -8.81175 -0.999362 0.00710839 0.0350095 84.0254
0.0356293 0.107557 0.99356 41.9335 0.00414174 0.994167 -0.107772 -8.88371 -0.999356 0.0079549 0.034976 84.0406
0.0348907 0.108179 0.993519 42.6636 0.00323988 0.994107 -0.108356 -8.9693 -0.999386 0.00699952 0.0343346 84.0712
0.0356508 0.108117 0.993499 43.4041 0.00303393 0.994114 -0.108292 -9.06759 -0.99936 0.00687491 0.0351129 84.0779
0.035538 0.106812 0.993644 44.1423 0.00428252 0.994247 -0.10703 -9.17605 -0.999359 0.00805892 0.0348761 84.098
0.0354575 0.107387 0.993585 44.8847 0.00482032 0.99418 -0.107623 -9.26433 -0.99936 0.00860545 0.0347335 84.1215
0.0349707 0.10773 0.993565 45.6131 0.00520689 0.99414 -0.107976 -9.35186 -0.999375 0.00894938 0.0342049 84.1543
0.0337238 0.106341 0.993758 46.3342 0.00500742 0.994293 -0.106568 -9.48317 -0.999419 0.00857004 0.0329989 84.2076
0.0338051 0.10714 0.993669 47.0653 0.00402466 0.994215 -0.107336 -9.55899 -0.99942 0.00762769 0.0331784 84.2242
0.0336776 0.108785 0.993495 47.8263 0.0035942 0.994039 -0.108966 -9.62148 -0.999426 0.00724055 0.0330859 84.2393
0.0331704 0.107257 0.993678 48.576 0.00338436 0.994207 -0.107427 -9.72139 -0.999444 0.00692637 0.0326152 84.2652
0.0313131 0.10657 0.993812 49.2949 0.00234687 0.994289 -0.106695 -9.82471 -0.999507 0.00567331 0.0308842 84.331
0.0314609 0.107049 0.993756 50.0347 0.00107246 0.994244 -0.107135 -9.90827 -0.999504 0.00443634 0.031165 84.3476
0.031084 0.10832 0.99363 50.7785 -0.000672882 0.994112 -0.108352 -9.98285 -0.999517 0.00269942 0.0309739 84.3731
0.0310708 0.108874 0.99357 51.545 -0.00153097 0.994054 -0.10888 -10.0717 -0.999516 0.00186185 0.0310527 84.4137
0.0291696 0.109149 0.993597 52.2687 -0.00168378 0.994024 -0.109146 -10.1538 -0.999573 0.00151075 0.0291791 84.4661
0.0297141 0.109702 0.99352 52.9896 -0.00277828 0.993964 -0.109668 -10.2298 -0.999555 0.000498399 0.0298395 84.476
0.031049 0.112629 0.993152 53.7088 -0.00414176 0.993637 -0.112555 -10.2717 -0.999509 -0.000618684 0.0313179 84.4804
0.029413 0.113948 0.993051 54.4424 -0.00575168 0.993484 -0.113827 -10.3435 -0.999551 -0.00236371 0.0298767 84.5183
0.029766 0.113908 0.993045 55.1674 -0.00557164 0.993489 -0.113792 -10.4311 -0.999541 -0.00214578 0.0302068 84.5351
0.0317897 0.112453 0.993148 55.8984 -0.00517268 0.993656 -0.112345 -10.5414 -0.999481 -0.00156581 0.0321697 84.5223
0.0300023 0.11326 0.993112 56.611 -0.00567865 0.993563 -0.11314 -10.6332 -0.999534 -0.00224507 0.0304524 84.5857
0.0249815 0.113704 0.993201 57.3053 -0.00557541 0.993511 -0.113599 -10.7193 -0.999672 -0.00269962 0.0254533 84.6932
0.02489 0.114377 0.993126 58.0289 -0.00683628 0.99343 -0.114241 -10.7951 -0.999667 -0.00394583 0.0255083 84.7174
0.0261359 0.113683 0.993173 58.7466 -0.00620885 0.993512 -0.113558 -10.9103 -0.999639 -0.00319852 0.0266721 84.7245
0.026116 0.113947 0.993143 59.4708 -0.00607253 0.993482 -0.113827 -11.0023 -0.99964 -0.00305819 0.0266378 84.752
0.02624 0.114209 0.99311 60.1798 -0.00709134 0.993449 -0.11406 -11.0943 -0.999631 -0.00404954 0.026878 84.7725
0.0259301 0.114255 0.993113 60.8831 -0.00851359 0.993436 -0.11407 -11.1869 -0.999628 -0.00549711 0.0267326 84.8
0.026059 0.114455 0.993087 61.5661 -0.00895684 0.993411 -0.114257 -11.268 -0.99962 -0.00591749 0.0269124 84.8162
0.0261032 0.114704 0.993057 62.2746 -0.00974973 0.993377 -0.114485 -11.3544 -0.999612 -0.00669361 0.0270487 84.8464
0.0254049 0.11426 0.993126 62.9497 -0.0110301 0.993418 -0.114011 -11.4355 -0.999616 -0.0080578 0.0264979 84.8947
0.0267515 0.115166 0.992986 63.6516 -0.0115487 0.993311 -0.114893 -11.4986 -0.999575 -0.00839414 0.0279026 84.8917
0.0270398 0.120705 0.99232 64.3817 -0.0106188 0.992662 -0.120457 -11.4562 -0.999578 -0.00728015 0.0281231 84.9363
0.0287188 0.119963 0.992363 65.0541 -0.0105784 0.992753 -0.119704 -11.5577 -0.999532 -0.00705987 0.0297797 84.9562
0.0287877 0.119522 0.992414 65.7298 -0.01122 0.992802 -0.119243 -11.6583 -0.999523 -0.00770211 0.0299215 85.0164
0.0296265 0.118808 0.992475 66.4039 -0.01237 0.992879 -0.118487 -11.7567 -0.999484 -0.00876656 0.0308851 85.0673
0.0308748 0.12102 0.99217 67.0928 -0.0116935 0.992619 -0.120711 -11.7901 -0.999455 -0.00787501 0.032062 85.1128
0.0335707 0.122649 0.991882 67.7914 -0.0119712 0.99242 -0.12231 -11.8439 -0.999365 -0.00776799 0.0347844 85.1268
0.0363104 0.127927 0.991119 68.4945 -0.0131633 0.991748 -0.127526 -11.8283 -0.999254 -0.00841584 0.0376947 85.1412
0.0378794 0.127861 0.991068 69.1621 -0.0154723 0.991736 -0.127356 -11.9314 -0.999163 -0.01051 0.0395447 85.178
0.0366696 0.124775 0.991507 69.8229 -0.0163091 0.992117 -0.124249 -12.0862 -0.999194 -0.0116145 0.0384155 85.2805
0.0353687 0.12657 0.991327 70.477 -0.0167121 0.991884 -0.126045 -12.1345 -0.999235 -0.0121091 0.0371969 85.3851
0.0296592 0.127507 0.991394 71.1424 -0.0172809 0.991748 -0.127035 -12.1908 -0.999411 -0.0133644 0.0316179 85.5548
0.035383 0.125582 0.991452 71.7664 -0.0185228 0.991985 -0.124988 -12.3102 -0.999202 -0.013942 0.0374255 85.5163
0.0339021 0.140113 0.989555 72.4647 -0.0191817 0.990033 -0.139523 -12.1682 -0.999241 -0.0142512 0.0362517 85.6115
0.0393052 0.156511 0.986894 73.1358 -0.0233088 0.987532 -0.155684 -12.0101 -0.998955 -0.0168841 0.0424632 85.5768
0.0386496 0.148404 0.988171 73.6283 -0.0233267 0.988775 -0.147582 -12.2384 -0.998981 -0.0173468 0.0416775 85.6969
0.0437729 0.166216 0.985117 74.2673 -0.0288245 0.985862 -0.16506 -12.0774 -0.998626 -0.0211703 0.0479451 85.6951
0.0466019 0.16126 0.985811 74.7783 -0.0313383 0.986634 -0.159913 -12.2611 -0.998422 -0.0234415 0.0510326 85.7474
0.0492541 0.180786 0.982288 75.4086 -0.0353704 0.983181 -0.179177 -12.0924 -0.99816 -0.0259187 0.0548202 85.777
0.0541931 0.180656 0.982052 75.9322 -0.0378929 0.983161 -0.178768 -12.2061 -0.997811 -0.0275248 0.0601261 85.7929
0.0565414 0.188284 0.980486 76.4602 -0.0393254 0.981715 -0.186252 -12.2059 -0.997625 -0.028027 0.0629119 85.841
0.0601328 0.191403 0.979668 76.9755 -0.0437155 0.981007 -0.188982 -12.2737 -0.997233 -0.0314627 0.067358 85.8486
0.0589565 0.212446 0.975393 77.5441 -0.0488668 0.976535 -0.209741 -12.1374 -0.997064 -0.0352987 0.0679546 85.8823
0.0537837 0.212045 0.975779 78.0025 -0.0536708 0.976395 -0.20922 -12.2489 -0.997109 -0.0411182 0.0638947 85.9318
0.0409054 0.215996 0.975537 78.4855 -0.057414 0.975249 -0.213525 -12.3058 -0.997512 -0.0472752 0.0522941 86.0139
0.026894 0.229401 0.97296 78.9875 -0.0592778 0.971966 -0.227528 -12.2769 -0.997879 -0.0515558 0.0397384 86.0277
0.00382714 0.232049 0.972697 79.3885 -0.057014 0.971172 -0.231461 -12.3452 -0.998366 -0.0545715 0.0169469 86.051
-0.0251789 0.229475 0.972989 79.7796 -0.0509913 0.971736 -0.230499 -12.4674 -0.998382 -0.0554177 -0.012766 86.0521
-0.0611492 0.226349 0.972125 80.1515 -0.0425824 0.972469 -0.229107 -12.598 -0.99722 -0.0554051 -0.0498273 86.0313
-0.103253 0.236821 0.966051 80.5678 -0.0313883 0.969983 -0.24114 -12.6118 -0.99416 -0.055221 -0.09272 85.9685
-0.152332 0.23813 0.959213 80.9288 -0.0181949 0.969699 -0.243622 -12.6967 -0.988162 -0.0545643 -0.143384 85.8873
-0.207429 0.22957 0.950932 81.273 -0.00530278 0.971796 -0.235764 -12.8694 -0.978236 -0.0539468 -0.200361 85.7849
-0.270414 0.230406 0.934767 81.6069 0.0117459 0.971658 -0.236101 -12.9655 -0.962673 -0.0528653 -0.265456 85.6823
-0.338933 0.230823 0.912055 81.9416 0.0338099 0.971798 -0.233379 -13.0694 -0.940203 -0.0482631 -0.337178 85.5718
-0.400925 0.236086 0.885168 82.25 0.0564393 0.970754 -0.233349 -13.1144 -0.914371 -0.0435973 -0.402524 85.3752
-0.452065 0.232729 0.861089 82.4782 0.071904 0.971729 -0.224884 -13.193 -0.889082 -0.0397462 -0.456019 85.0837
-0.509809 0.23584 0.82733 82.7301 0.092865 0.971157 -0.219615 -13.2387 -0.855261 -0.0351317 -0.517006 84.855
-0.570957 0.239381 0.785305 82.9963 0.113466 0.970376 -0.213299 -13.2925 -0.813101 -0.0326797 -0.581205 84.6514
-0.62286 0.239471 0.744781 83.1807 0.126084 0.970282 -0.206533 -13.3238 -0.772107 -0.0347363 -0.634543 84.3712
-0.67877 0.220337 0.700516 83.319 0.129083 0.974872 -0.181555 -13.4699 -0.722917 -0.0328096 -0.690156 84.1309
-0.729988 0.216196 0.648365 83.4987 0.139686 0.97582 -0.168115 -13.5354 -0.669034 -0.0321547 -0.742536 83.8662
-0.7783 0.207348 0.592668 83.6398 0.145102 0.977746 -0.15152 -13.6217 -0.610896 -0.0319312 -0.791067 83.5902
-0.817309 0.203832 0.538942 83.7406 0.154579 0.978617 -0.1357 -13.7066 -0.555078 -0.0276 -0.83134 83.2864
-0.846583 0.213463 0.487576 83.8192 0.170816 0.976562 -0.130954 -13.7062 -0.504102 -0.0275777 -0.863204 82.9526
-0.878247 0.210932 0.429174 83.9419 0.175794 0.97703 -0.120457 -13.7621 -0.444724 -0.0303451 -0.895154 82.6522
-0.900882 0.211719 0.378929 84.0169 0.182057 0.976782 -0.112928 -13.769 -0.39404 -0.0327483 -0.91851 82.3168
-0.918735 0.213012 0.332493 84.1023 0.18893 0.976515 -0.103558 -13.7762 -0.346743 -0.0323249 -0.937403 81.9801
-0.932584 0.215519 0.289548 84.1913 0.196914 0.976067 -0.0922885 -13.8023 -0.302509 -0.0290507 -0.952704 81.6184
-0.943934 0.215662 0.249956 84.2457 0.201206 0.976083 -0.0823316 -13.8144 -0.261733 -0.027423 -0.964751 81.2668
-0.95293 0.216177 0.212585 84.2917 0.204705 0.975958 -0.0748428 -13.8221 -0.223653 -0.0278028 -0.974272 80.9005
-0.958985 0.218185 0.180952 84.3275 0.209099 0.975521 -0.0680947 -13.8295 -0.19138 -0.027465 -0.981132 80.5051
-0.963953 0.221302 0.147717 84.3947 0.214311 0.974804 -0.0618762 -13.8361 -0.157688 -0.0279883 -0.987092 80.0925
-0.967514 0.223554 0.11807 84.4394 0.218311 0.974284 -0.0557819 -13.8475 -0.127504 -0.0281938 -0.991437 79.6842
-0.970346 0.223553 0.0919352 84.4735 0.219726 0.974281 -0.0499624 -13.8782 -0.10074 -0.0282803 -0.994511 79.2508
-0.972247 0.223495 0.0691833 84.5034 0.220693 0.974263 -0.0458829 -13.8995 -0.0776573 -0.0293412 -0.996548 78.8133
-0.973206 0.224409 0.0501028 84.5144 0.222475 0.97406 -0.0413838 -13.9267 -0.05809 -0.0291283 -0.997886 78.3614
-0.972442 0.230298 0.0363297 84.5182 0.228967 0.972716 -0.0373802 -13.9403 -0.0439471 -0.0280318 -0.998641 77.888
-0.972508 0.231478 0.0254144 84.5129 0.230493 0.972386 -0.0365924 -13.9299 -0.033183 -0.0297286 -0.999007 77.4223
-0.972948 0.230341 0.0177308 84.5117 0.22966 0.972681 -0.033895 -13.9713 -0.0250538 -0.0289061 -0.999268 76.915
-0.972426 0.232894 0.0121806 84.5002 0.232411 0.972088 -0.0321105 -13.9855 -0.019319 -0.0283942 -0.99941 76.4265
-0.972317 0.233521 0.00817808 84.5008 0.233166 0.971935 -0.031254 -14.0017 -0.015247 -0.0284819 -0.999478 75.9206
-0.972274 0.233774 0.00577344 84.5103 0.233497 0.971877 -0.0305577 -14.0285 -0.0127547 -0.0283624 -0.999516 75.4157
-0.971789 0.235795 0.00520536 84.5219 0.235532 0.971382 -0.0306837 -14.0462 -0.0122915 -0.0285921 -0.999516 74.8715
-0.971333 0.237692 0.00376122 84.5688 0.237484 0.970949 -0.0292956 -14.0834 -0.0106153 -0.0275626 -0.999564 74.2774
-0.970892 0.239514 0.00142265 84.6385 0.239396 0.970569 -0.0261662 -14.1324 -0.00764794 -0.025064 -0.999657 73.6628
-0.970109 0.24266 0.00222477 84.6482 0.242518 0.969785 -0.0265017 -14.13 -0.00858846 -0.02517 -0.999646 73.0946
-0.969578 0.244732 0.00490607 84.6374 0.244529 0.969295 -0.0259449 -14.1353 -0.011105 -0.0239559 -0.999651 72.5371
-0.969337 0.245634 0.00702038 84.6366 0.245391 0.969098 -0.0251439 -14.1578 -0.0129796 -0.0226502 -0.999659 71.9619
-0.96931 0.245704 0.00823749 84.651 0.245436 0.969091 -0.0249726 -14.179 -0.0141187 -0.0221844 -0.999654 71.3798
-0.968295 0.249483 0.0127592 84.6064 0.249089 0.968119 -0.0264527 -14.1819 -0.0189519 -0.0224359 -0.999569 70.8512
-0.968558 0.248408 0.0137298 84.6242 0.248029 0.96844 -0.0246111 -14.234 -0.0194101 -0.0204319 -0.999603 70.2934
-0.968252 0.249497 0.0154538 84.639 0.249076 0.968163 -0.024923 -14.2533 -0.02118 -0.0202826 -0.99957 69.7281
-0.967767 0.25121 0.0178841 84.636 0.250632 0.967635 -0.0294381 -14.245 -0.0247004 -0.0240069 -0.999407 69.1635
-0.968171 0.249595 0.018641 84.6644 0.248976 0.968035 -0.0303126 -14.2907 -0.025611 -0.0247066 -0.999367 68.5864
-0.967853 0.25066 0.0207305 84.6711 0.24996 0.967747 -0.0313816 -14.3215 -0.027928 -0.025191 -0.999292 68.0244
-0.967885 0.250363 0.0227498 84.6803 0.249594 0.967821 -0.0320266 -14.3513 -0.030036 -0.0253199 -0.999228 67.4645
-0.967457 0.251843 0.0245408 84.7021 0.251022 0.967445 -0.0322309 -14.3755 -0.031859 -0.0250217 -0.999179 66.9077
-0.967146 0.252772 0.0271039 84.7113 0.251848 0.967191 -0.0333894 -14.3923 -0.0346545 -0.0254664 -0.999075 66.3569
-0.966781 0.254164 0.0270949 84.7655 0.253282 0.966857 -0.0321953 -14.4257 -0.0343797 -0.0242631 -0.999114 65.7698
-0.966461 0.255216 0.0285902 84.781 0.254321 0.966605 -0.03155 -14.4554 -0.0356875 -0.0232208 -0.999093 65.2148
-0.966735 0.254048 0.029724 84.7946 0.253108 0.966908 -0.0320253 -14.4705 -0.0368763 -0.0234366 -0.999045 64.6678
-0.967048 0.252951 0.0288646 84.818 0.252058 0.967206 -0.031296 -14.5034 -0.0358344 -0.0229892 -0.999093 64.1215
-0.966718 0.254295 0.0281014 84.8264 0.253418 0.966849 -0.0313252 -14.5165 -0.0351356 -0.0231612 -0.999114 63.5915
-0.966855 0.254073 0.025269 84.8569 0.253306 0.96692 -0.0300154 -14.5503 -0.0320592 -0.0226197 -0.99923 63.0351
-0.967057 0.253738 0.02044 84.9189 0.253126 0.967015 -0.02846 -14.5924 -0.0269871 -0.0223485 -0.999386 62.473
-0.967209 0.253357 0.0177881 84.947 0.252798 0.967093 -0.0287141 -14.611 -0.0244776 -0.0232758 -0.999429 61.9377
-0.967526 0.252349 0.0145943 84.9644 0.251889 0.967361 -0.027646 -14.634 -0.0210944 -0.0230721 -0.999511 61.4108
-0.968182 0.250141 0.00723648 84.9633 0.249881 0.967928 -0.0259852 -14.6507 -0.0135044 -0.0233501 -0.999636 60.9561
-0.969071 0.24678 0.000543722 84.937 0.246693 0.968786 -0.0244149 -14.6583 -0.00655186 -0.0235257 -0.999702 60.485
-0.969602 0.244378 -0.0123015 84.9285 0.244601 0.96937 -0.0222027 -14.6669 0.00649888 -0.0245368 -0.999678 60.0222
-0.969347 0.243966 -0.0290961 84.8984 0.244517 0.969494 -0.0170964 -14.6772 0.0240375 -0.0236868 -0.99943 59.5848
-0.968353 0.243125 -0.0564199 84.9087 0.244049 0.969711 -0.0100085 -14.6934 0.0522777 -0.0234609 -0.998357 59.1437
-0.966672 0.241071 -0.0862009 84.8574 0.242142 0.970239 -0.00202947 -14.6988 0.0831462 -0.0228347 -0.996276 58.7446
-0.962937 0.241808 -0.119504 84.7772 0.242775 0.97006 0.0066208 -14.6912 0.117527 -0.0226372 -0.992812 58.3564
-0.956559 0.245555 -0.157153 84.667 0.245933 0.969132 0.0173498 -14.6843 0.156562 -0.0220528 -0.987422 57.9564
-0.947912 0.246703 -0.201497 84.5532 0.246032 0.968835 0.0287754 -14.6833 0.202316 -0.022298 -0.979066 57.5784
-0.935656 0.248883 -0.250211 84.425 0.246424 0.968267 0.0416316 -14.6662 0.252633 -0.0227053 -0.967296 57.1968
-0.919011 0.252639 -0.302642 84.2846 0.247706 0.967258 0.0552545 -14.6435 0.306692 -0.0241868 -0.951501 56.8408
-0.898605 0.256174 -0.356208 84.1202 0.24796 0.966282 0.0693922 -14.6173 0.361974 -0.025969 -0.931827 56.5209
-0.875332 0.259556 -0.40795 83.9207 0.247366 0.965325 0.0834139 -14.5744 0.415455 -0.0278982 -0.909186 56.2146
-0.848292 0.261422 -0.4605 83.7287 0.245199 0.964711 0.0959741 -14.5137 0.469339 -0.0315001 -0.882456 55.9352
-0.818501 0.263221 -0.510657 83.5084 0.241841 0.964136 0.109336 -14.4661 0.521122 -0.0340059 -0.852804 55.6734
-0.785408 0.263488 -0.560097 83.2854 0.236874 0.963937 0.121307 -14.4167 0.571862 -0.0373969 -0.819497 55.4202
-0.750763 0.261342 -0.606675 83.0466 0.228274 0.964472 0.132982 -14.3748 0.619875 -0.0386499 -0.783748 55.1988
-0.711873 0.256714 -0.653708 82.7974 0.218383 0.965569 0.141369 -14.2966 0.667492 -0.0421221 -0.743425 54.9603
-0.669449 0.25432 -0.697968 82.5292 0.207522 0.96619 0.15301 -14.2454 0.713283 -0.0424112 -0.699591 54.756
-0.623908 0.25375 -0.739155 82.2434 0.196129 0.966389 0.16621 -14.1804 0.756487 -0.0412696 -0.652705 54.5761
-0.572174 0.254756 -0.779562 81.9443 0.188888 0.965912 0.177017 -14.0824 0.798084 -0.0459654 -0.60079 54.3854
-0.520266 0.256578 -0.814549 81.6481 0.17557 0.965561 0.192006 -14.0255 0.835762 -0.043116 -0.547396 54.2254
-0.465881 0.259837 -0.845836 81.3218 0.161934 0.964805 0.207192 -13.961 0.869903 -0.0404427 -0.491561 54.0628
-0.411095 0.263924 -0.872551 80.9499 0.151372 0.963647 0.220161 -13.8772 0.898937 -0.0415731 -0.436102 53.9032
-0.362302 0.265097 -0.893566 80.5823 0.139888 0.963306 0.229068 -13.7714 0.921503 -0.0420077 -0.386092 53.8102
-0.313588 0.266669 -0.911345 80.2405 0.127516 0.962889 0.237874 -13.6971 0.940958 -0.041617 -0.335955 53.71
-0.272707 0.26344 -0.925327 79.8403 0.115422 0.963793 0.240374 -13.5777 0.955148 -0.0412518 -0.29324 53.6496
-0.230494 0.261425 -0.937299 79.4799 0.10167 0.964433 0.243991 -13.5007 0.967748 -0.0390564 -0.248875 53.5635
-0.192078 0.258655 -0.94668 79.0649 0.0900375 0.965218 0.245452 -13.3937 0.977241 -0.0380909 -0.208686 53.5039
-0.155686 0.257495 -0.953655 78.6651 0.0806253 0.965518 0.247536 -13.3079 0.984511 -0.0383507 -0.171079 53.4655
-0.121322 0.255528 -0.959159 78.2673 0.0710839 0.966053 0.248374 -13.1974 0.990065 -0.0380475 -0.135368 53.4267
-0.0895517 0.254896 -0.962813 77.8396 0.063653 0.966185 0.249869 -13.0904 0.993946 -0.0389097 -0.102748 53.404
-0.0603604 0.25554 -0.964912 77.4082 0.0582009 0.965931 0.252169 -12.9998 0.996478 -0.0409377 -0.0731767 53.385
-0.0374815 0.256409 -0.965841 76.9459 0.0563267 0.965526 0.25414 -12.8991 0.997709 -0.0448772 -0.050632 53.405
-0.0174774 0.25747 -0.966128 76.4826 0.0529414 0.965159 0.256253 -12.7894 0.998445 -0.0466696 -0.0304992 53.4034
-0.00173989 0.259598 -0.965715 75.9975 0.0497994 0.964541 0.259193 -12.6753 0.998758 -0.0476411 -0.014606 53.4146
0.0106059 0.261625 -0.965111 75.503 0.0463618 0.963999 0.261833 -12.5434 0.998868 -0.0475213 -0.0019053 53.4229
0.0197947 0.263135 -0.964556 74.989 0.0421429 0.963668 0.263758 -12.4118 0.998915 -0.0458702 0.00798626 53.4265
0.0258417 0.263615 -0.964282 74.4907 0.0403199 0.963544 0.264494 -12.2646 0.998853 -0.0457147 0.0142707 53.4474
0.0305861 0.264205 -0.963981 73.9476 0.0403369 0.963321 0.265304 -12.1135 0.998718 -0.0469987 0.018807 53.4567
0.0330883 0.264427 -0.963838 73.3952 0.0391285 0.963284 0.265619 -11.9481 0.998686 -0.0465024 0.0215268 53.4819
0.0339438 0.263893 -0.963955 72.8315 0.038592 0.963445 0.265112 -11.7908 0.998678 -0.0461999 0.0225189 53.4926
0.0332427 0.256599 -0.965946 72.2438 0.0398535 0.965371 0.257817 -11.4797 0.998652 -0.0470669 0.0218652 53.4761
0.030969 0.254711 -0.966521 71.6367 0.0407979 0.965857 0.255843 -11.3075 0.998687 -0.0473553 0.0195199 53.4975
0.0260233 0.25766 -0.965885 71.0284 0.042383 0.965059 0.258581 -11.2357 0.998762 -0.0476662 0.0141936 53.5937
0.0204511 0.247042 -0.968789 70.4318 0.0464338 0.967711 0.247747 -10.8613 0.998712 -0.0500513 0.00831967 53.6703
0.0155991 0.242116 -0.970122 69.8066 0.0488699 0.968896 0.242596 -10.6061 0.998683 -0.051194 0.00328169 53.7138
0.00592306 0.253175 -0.967402 69.1747 0.0483379 0.966216 0.253161 -10.6497 0.998813 -0.0482617 -0.006515 53.8954
0.0126825 0.23908 -0.970917 68.5154 0.0532606 0.969455 0.239415 -10.2294 0.9985 -0.054748 -0.000438402 53.6617
0.00923211 0.247787 -0.96877 67.7912 0.0526249 0.967349 0.247925 -10.2113 0.998572 -0.0532703 -0.00410911 53.6693
0.00557774 0.247552 -0.968858 67.0853 0.0534683 0.967414 0.247491 -10.0259 0.998554 -0.0531837 -0.00784023 53.6932
-0.0052176 0.23889 -0.971032 66.3864 0.0550726 0.969641 0.238252 -9.70189 0.998469 -0.0522342 -0.0182155 53.8564
-0.00723147 0.241976 -0.970255 65.656 0.0532524 0.968997 0.241265 -9.57818 0.998555 -0.0499237 -0.0198931 53.8421
-0.00700583 0.235356 -0.971884 64.9118 0.0537729 0.97059 0.234655 -9.27831 0.998529 -0.0506171 -0.0194556 53.8138
-0.00702365 0.240658 -0.970585 64.1472 0.0523914 0.969364 0.239976 -9.16822 0.998602 -0.0491648 -0.0194169 53.7819
0.00912006 0.239484 -0.970857 63.3793 0.0496369 0.969592 0.239639 -8.97468 0.998726 -0.0503758 -0.00304451 53.4476
0.00852669 0.239 -0.970982 62.6491 0.0511778 0.969641 0.239119 -8.80508 0.998653 -0.0517316 -0.00396365 53.4215
0.00662713 0.238511 -0.971117 61.9031 0.0494396 0.969873 0.238542 -8.62865 0.998755 -0.0495925 -0.00536441 53.4218
0.00668176 0.235637 -0.971818 61.1528 0.0499903 0.970546 0.235673 -8.4365 0.998727 -0.0501561 -0.00529462 53.3814
0.00679439 0.23505 -0.971959 60.3927 0.0502405 0.970674 0.235091 -8.27015 0.998714 -0.050429 -0.0052139 53.3523
0.00640197 0.234172 -0.972174 59.6072 0.0492169 0.970942 0.234199 -8.09088 0.998768 -0.0493467 -0.00530929 53.3576
0.00787093 0.233873 -0.972235 58.8044 0.0473 0.97109 0.23398 -7.90141 0.99885 -0.0478283 -0.00341878 53.3148
0.00900982 0.234267 -0.972131 58.0166 0.0485226 0.970922 0.234425 -7.73574 0.998781 -0.0492825 -0.0026194 53.296
0.00919946 0.234121 -0.972164 57.191 0.0483824 0.970962 0.234289 -7.5277 0.998787 -0.0491909 -0.00239499 53.31
0.0108571 0.234343 -0.972093 56.3815 0.0490753 0.970854 0.234593 -7.34251 0.998736 -0.0502527 -0.000959814 53.2817
0.0111418 0.234151 -0.972136 55.5599 0.0508013 0.970809 0.234413 -7.15377 0.998647 -0.0519975 -0.00107865 53.2863
0.010294 0.231968 -0.972669 54.7559 0.053146 0.971219 0.232185 -6.94389 0.998534 -0.0540836 -0.00233047 53.3055
0.0104216 0.233286 -0.972352 54.0015 0.0539584 0.970857 0.233506 -6.79771 0.998489 -0.0549001 -0.0024699 53.3198
0.00507619 0.230641 -0.973026 53.2789 0.0602273 0.971201 0.230522 -6.63199 0.998172 -0.0597728 -0.00896085 53.3944
0.0154199 0.224262 -0.974407 52.2286 0.056008 0.972799 0.224779 -6.28462 0.998311 -0.0580406 0.00243999 53.2347
-0.001654 0.226721 -0.973958 51.7321 0.0609812 0.97217 0.226201 -6.18611 0.998138 -0.059019 -0.0154337 53.4374
-0.00237315 0.230309 -0.973115 50.8583 0.0655748 0.971059 0.229663 -6.08666 0.997845 -0.0632668 -0.017407 53.46
0.00353677 0.222873 -0.974841 50.0379 0.0563107 0.973256 0.222715 -5.68621 0.998407 -0.0556817 -0.00910797 53.2343
0.0035869 0.221827 -0.975079 49.1854 0.0560942 0.973506 0.221676 -5.48575 0.998419 -0.0554914 -0.00895135 53.2126
0.00134316 0.219954 -0.975509 48.3272 0.0543989 0.97405 0.2197 -5.27204 0.998518 -0.0533617 -0.010657 53.2262
0.0015888 0.215923 -0.976409 47.4622 0.0561529 0.974851 0.215669 -5.05125 0.998421 -0.0551708 -0.0105758 53.1837
0.000342478 0.215779 -0.976442 46.6044 0.05542 0.974937 0.215466 -4.87532 0.998463 -0.0541883 -0.0116246 53.1683
0.00146416 0.216242 -0.976339 45.7465 0.0543603 0.974879 0.216 -4.7019 0.99852 -0.0533903 -0.0103276 53.0884
-0.00497933 0.213139 -0.977009 44.9202 0.0520356 0.975753 0.212599 -4.43954 0.998633 -0.0497806 -0.0159494 53.2322
-0.00627673 0.200678 -0.979637 44.1122 0.0541146 0.978289 0.200055 -3.9349 0.998515 -0.051757 -0.0170001 53.2113
-0.0047544 0.190145 -0.981744 43.3179 0.0545495 0.980343 0.18961 -3.52094 0.9985 -0.0526522 -0.0150333 53.1335
-0.00411684 0.191838 -0.981418 42.479 0.0525002 0.980114 0.191363 -3.43786 0.998612 -0.0507369 -0.0141065 53.0928
-0.00159377 0.189471 -0.981885 41.6325 0.0526124 0.980542 0.189126 -3.2441 0.998614 -0.0513579 -0.0115313 53.0112
-0.00194112 0.191152 -0.981559 40.8237 0.0517901 0.980262 0.190797 -3.14389 0.998656 -0.0504646 -0.0118026 53.032
-0.00229174 0.192177 -0.981358 40.0136 0.0512894 0.980091 0.191809 -3.02164 0.998681 -0.0498937 -0.0121027 53.0402
-0.00316673 0.192891 -0.981215 39.211 0.0502489 0.980011 0.192492 -2.8944 0.998732 -0.0486954 -0.012796 53.0653
-0.0029135 0.194597 -0.980879 38.3746 0.0515103 0.97961 0.194192 -2.79765 0.998668 -0.0499596 -0.0128778 53.0526
-4.34274e-05 0.191079 -0.981575 37.5684 0.0490745 0.980392 0.190847 -2.60561 0.998795 -0.048162 -0.00941971 52.9903
0.0015134 0.193675 -0.981065 36.7654 0.0452613 0.980047 0.193544 -2.55673 0.998974 -0.0446972 -0.0072828 52.9438
0.00467025 0.193761 -0.981038 35.9837 0.0455646 0.979988 0.193771 -2.41523 0.99895 -0.0456056 -0.00425186 52.8899
0.00533092 0.195235 -0.980742 35.1734 0.043897 0.979765 0.195279 -2.28239 0.999022 -0.0440927 -0.00334719 52.8719
0.00355979 0.1979 -0.980216 34.3615 0.0431246 0.97928 0.197868 -2.17644 0.999063 -0.0429757 -0.00504834 52.9064
0.000679502 0.197762 -0.98025 33.5841 0.0429142 0.979341 0.197608 -2.01133 0.999079 -0.0422009 -0.00782133 52.9501
0.00181527 0.1955 -0.980702 32.7808 0.0436492 0.979753 0.195392 -1.85837 0.999045 -0.0431615 -0.00675493 52.9055
-0.000601765 0.195099 -0.980783 31.9856 0.0442172 0.979829 0.194882 -1.71893 0.999022 -0.0432502 -0.00921636 52.9301
-0.00171619 0.193483 -0.981102 31.1933 0.0443759 0.980152 0.193218 -1.57991 0.999013 -0.0432057 -0.0102681 52.9165
-0.00462494 0.19334 -0.981121 30.4162 0.0441461 0.980214 0.192953 -1.45241 0.999014 -0.0424203 -0.0130686 52.9176
-0.00675867 0.193817 -0.981014 29.6408 0.0431512 0.980179 0.193355 -1.31376 0.999046 -0.0410251 -0.0149881 52.9028
-0.00955952 0.19257 -0.981237 28.8793 0.0433392 0.980439 0.191991 -1.16341 0.999015 -0.0406907 -0.0177184 52.8946
-0.0115672 0.190388 -0.981641 28.1005 0.0403339 0.980996 0.189788 -1.0076 0.999119 -0.0373981 -0.0190265 52.8711
-0.0129631 0.191345 -0.981437 27.3816 0.0394718 0.980853 0.190709 -0.884442 0.999137 -0.0362669 -0.0202676 52.8603
-0.0136701 0.194255 -0.980856 26.6346 0.0357581 0.980415 0.19367 -0.763207 0.999267 -0.0324261 -0.0203485 52.8497
-0.0131368 0.195508 -0.980614 25.8695 0.0332347 0.980242 0.194988 -0.61951 0.999361 -0.0300289 -0.0193748 52.8354
-0.0101518 0.195577 -0.980636 25.113 0.0323478 0.980237 0.195163 -0.461846 0.999425 -0.0297402 -0.0162776 52.8047
-0.0113324 0.201146 -0.979496 24.3688 0.0290444 0.979212 0.200752 -0.38677 0.999514 -0.0261738 -0.0169389 52.8302
-0.00539147 0.198246 -0.980137 23.5857 0.0282633 0.97979 0.198021 -0.194534 0.999586 -0.0266343 -0.0108856 52.7618
-0.00442749 0.200322 -0.97972 22.8358 0.0256309 0.979431 0.200147 -0.0633339 0.999662 -0.024225 -0.00947086 52.7421
-0.00383999 0.199938 -0.979801 22.1134 0.0275858 0.979457 0.19976 0.0660904 0.999612 -0.0262615 -0.00927656 52.7557
-0.00278927 0.199945 -0.979803 21.38 0.0274669 0.979453 0.199795 0.206128 0.999619 -0.0263548 -0.00822382 52.7432
-0.00119051 0.199833 -0.979829 20.6442 0.0277787 0.979458 0.199724 0.343883 0.999613 -0.0269806 -0.00671716 52.7321
-0.00341552 0.20274 -0.979227 19.9174 0.0304558 0.978799 0.202545 0.476049 0.99953 -0.0291313 -0.00951771 52.7856
-0.00350351 0.201262 -0.979531 19.1809 0.0307553 0.979096 0.201062 0.632183 0.999521 -0.0294214 -0.00962014 52.8068
-0.00301694 0.198114 -0.980174 18.4903 0.033514 0.979648 0.197905 0.811571 0.999434 -0.0322525 -0.00959514 52.8275
-0.00111293 0.198506 -0.980099 17.7276 0.0269643 0.979749 0.198404 0.912769 0.999636 -0.0262068 -0.00644296 52.7838
-0.000998195 0.196211 -0.980561 17.0222 0.0305483 0.98011 0.19609 1.07704 0.999533 -0.0297588 -0.00697227 52.7869
0.000247245 0.195842 -0.980635 16.3002 0.0316581 0.980142 0.195752 1.21748 0.999499 -0.0310934 -0.00595766 52.7647
-0.00410799 0.200927 -0.979598 15.641 0.0351276 0.97903 0.200663 1.28461 0.999374 -0.0335865 -0.0110799 52.8499
-0.00297371 0.200701 -0.979648 14.9275 0.0309106 0.979203 0.200516 1.43484 0.999518 -0.0296853 -0.00911566 52.817
-0.00395125 0.203623 -0.979041 14.1962 0.0297466 0.97864 0.20342 1.54499 0.99955 -0.0283194 -0.00992394 52.825
-0.00402873 0.203392 -0.979089 13.4681 0.0329291 0.978593 0.203154 1.68655 0.99945 -0.031422 -0.01064 52.8182
-0.00231026 0.204576 -0.978848 12.7691 0.0308927 0.978398 0.204409 1.82664 0.99952 -0.029767 -0.00858026 52.7958
0.000118395 0.203985 -0.978974 12.0752 0.0308518 0.978507 0.203891 1.98101 0.999524 -0.0302273 -0.00617745 52.781
0.00182354 0.205201 -0.978718 11.4452 0.0317326 0.978215 0.205155 2.0837 0.999495 -0.0314313 -0.00472775 52.8051
0.00410884 0.204688 -0.978819 10.8001 0.0314301 0.978317 0.204715 2.20072 0.999498 -0.0316055 -0.00241362 52.82
0.00965316 0.200241 -0.979699 10.1181 0.0305535 0.979228 0.200446 2.36851 0.999487 -0.0318682 0.00333457 52.7745
0.0137107 0.19919 -0.979865 9.51569 0.029065 0.979464 0.199515 2.48332 0.999483 -0.0312153 0.00763969 52.7638
0.0174902 0.198949 -0.979854 8.9001 0.0286263 0.979502 0.199389 2.59449 0.999437 -0.0315369 0.0114365 52.7612
0.019622 0.198953 -0.979813 8.32496 0.0298888 0.979446 0.199478 2.71819 0.999361 -0.0331996 0.0132722 52.7819
0.0214756 0.198989 -0.979766 7.75515 0.031315 0.979378 0.199597 2.8361 0.999279 -0.0349679 0.0148013 52.7975
0.0237783 0.199426 -0.979624 7.19628 0.0322942 0.979237 0.200131 2.93809 0.999196 -0.0363949 0.0168443 52.7951
0.025506 0.200435 -0.979375 6.66754 0.0326538 0.979004 0.201209 3.02737 0.999141 -0.0371124 0.0184255 52.7977
0.0259772 0.201534 -0.979137 6.14681 0.0337399 0.978733 0.202346 3.12032 0.999093 -0.0382924 0.0186249 52.8188
0.0298497 0.203482 -0.978624 5.67295 0.0347068 0.978259 0.204464 3.17931 0.998952 -0.0400681 0.0221385 52.7877
0.0270722 0.202622 -0.978883 5.13453 0.0380304 0.978324 0.203558 3.2635 0.99891 -0.042738 0.0187796 52.8462
0.0270419 0.20217 -0.978977 4.66015 0.0392959 0.978363 0.203129 3.34934 0.998862 -0.0439628 0.0185123 52.857
0.0246997 0.202964 -0.978875 4.21677 0.0410796 0.97814 0.203848 3.40564 0.998851 -0.0452467 0.0158222 52.8898
0.0220079 0.20286 -0.97896 3.77263 0.0430821 0.978095 0.20365 3.47887 0.998829 -0.0466576 0.0127862 52.8832
0.0170786 0.203936 -0.978835 3.40228 0.043922 0.97788 0.204504 3.51615 0.998889 -0.046485 0.0077435 52.8687
0.00757634 0.205252 -0.97868 3.01028 0.0471029 0.977548 0.205379 3.5708 0.998861 -0.0476547 -0.00226172 52.8407
-0.00614074 0.204944 -0.978754 2.6224 0.0498149 0.97762 0.204394 3.64878 0.99874 -0.0475014 -0.0162126 52.8128
-0.0236589 0.206369 -0.978188 2.26962 0.0511521 0.97743 0.204972 3.69369 0.998411 -0.045187 -0.0336811 52.7877
-0.0437201 0.208907 -0.976958 1.91743 0.0550691 0.97691 0.206432 3.74892 0.997525 -0.0447749 -0.0542149 52.7402
-0.0691683 0.208993 -0.975468 1.60825 0.0601147 0.976906 0.205039 3.80211 0.995792 -0.0444577 -0.0801345 52.6923
-0.10006 0.208629 -0.972863 1.27799 0.0676272 0.976935 0.202547 3.84741 0.99268 -0.0455251 -0.111861 52.6271
-0.135172 0.2042 -0.969552 0.982393 0.0706209 0.97803 0.19614 3.92222 0.988302 -0.0419581 -0.146623 52.5211
-0.172958 0.205374 -0.963279 0.685369 0.0733259 0.97799 0.195344 3.96238 0.982196 -0.036847 -0.18421 52.4154
-0.217638 0.206805 -0.953869 0.365383 0.0831078 0.977672 0.193004 4.00714 0.972485 -0.037269 -0.229965 52.3036
-0.264492 0.206651 -0.941987 0.0879867 0.0866239 0.977914 0.19021 4.05036 0.96049 -0.0312896 -0.276551 52.1817
-0.312581 0.203566 -0.927822 -0.178391 0.0918535 0.978667 0.183776 4.12022 0.94544 -0.0277788 -0.324611 52.0439
-0.363416 0.202189 -0.909422 -0.42207 0.100058 0.97899 0.177672 4.16367 0.926238 -0.0264259 -0.376011 51.9165
-0.415197 0.199462 -0.887596 -0.634113 0.10689 0.979606 0.170138 4.21135 0.90343 -0.0242345 -0.42805 51.7675
-0.466874 0.198157 -0.861837 -0.80093 0.110466 0.980006 0.165485 4.21572 0.877397 -0.0179425 -0.479429 51.6172
-0.516619 0.195426 -0.833615 -1.00424 0.122582 0.980456 0.153882 4.28249 0.847395 -0.0226881 -0.530478 51.4473
-0.564768 0.193046 -0.802353 -1.17951 0.13247 0.980854 0.14275 4.3249 0.814548 -0.025667 -0.579528 51.2596
-0.613588 0.189351 -0.766587 -1.35361 0.138321 0.981586 0.131742 4.36184 0.777417 -0.0252 -0.628481 51.0621
-0.658418 0.189847 -0.728316 -1.54123 0.147894 0.981434 0.122126 4.39756 0.737979 -0.0273041 -0.674271 50.8291
-0.702309 0.193041 -0.685199 -1.75522 0.158715 0.980764 0.113633 4.44111 0.693954 -0.0289455 -0.719437 50.5662
-0.74316 0.196923 -0.63948 -1.92888 0.166592 0.980071 0.108203 4.46832 0.648044 -0.0261207 -0.761155 50.2972
-0.782046 0.199839 -0.590311 -2.09594 0.174535 0.979522 0.100374 4.49758 0.598281 -0.024533 -0.80091 50.0087
-0.818191 0.203594 -0.537692 -2.2062 0.180252 0.978889 0.0963663 4.48524 0.545961 -0.0180741 -0.837616 49.7188
-0.852099 0.209437 -0.479648 -2.34436 0.189302 0.977728 0.0906264 4.47928 0.487946 -0.0135754 -0.872768 49.3995
-0.881341 0.209966 -0.423265 -2.41787 0.194364 0.977641 0.0802577 4.48509 0.430652 -0.0115329 -0.902444 49.1397
-0.907481 0.20309 -0.36774 -2.48068 0.191545 0.979122 0.0680552 4.51414 0.373883 -0.00867979 -0.927435 48.8191
-0.925805 0.21277 -0.312433 -2.56358 0.204112 0.977072 0.0605696 4.4756 0.318157 -0.00769567 -0.948007 48.4872
-0.942224 0.209604 -0.261303 -2.6331 0.204345 0.977748 0.047458 4.49945 0.265436 -0.00867979 -0.964089 48.0896
-0.954613 0.208034 -0.213157 -2.67687 0.204865 0.978087 0.0371 4.49357 0.216205 -0.00825248 -0.976313 47.7091
-0.962775 0.210223 -0.169915 -2.71796 0.208965 0.977592 0.0254578 4.50195 0.17146 -0.0109963 -0.98513 47.3138
-0.967593 0.213411 -0.13498 -2.74431 0.213225 0.976872 0.0160039 4.49551 0.135274 -0.013296 -0.990719 46.9045
-0.971332 0.212639 -0.1063 -2.75191 0.213067 0.977009 0.00744062 4.48209 0.105438 -0.0154217 -0.994306 46.5065
-0.973271 0.214446 -0.0821955 -2.7544 0.214908 0.976629 0.00328687 4.4776 0.0809793 -0.0144654 -0.996611 46.0684
-0.975144 0.212342 -0.0632767 -2.77174 0.212751 0.977106 0.000284739 4.46654 0.0618886 -0.0131845 -0.997996 45.6191
-0.976556 0.209391 -0.0499352 -2.76463 0.209814 0.977736 -0.00331713 4.46629 0.0481288 -0.0137165 -0.998747 45.1492
-0.97671 0.210876 -0.0396079 -2.76243 0.211125 0.977457 -0.00217045 4.43632 0.0382573 -0.0104821 -0.999213 44.6617
-0.97711 0.210457 -0.0310431 -2.7655 0.210726 0.977529 -0.00563044 4.44723 0.0291606 -0.0120432 -0.999502 44.153
-0.977222 0.210886 -0.0237531 -2.79454 0.21111 0.977435 -0.00732447 4.44708 0.0216725 -0.0121721 -0.999691 43.6426
-0.977359 0.210775 -0.0185387 -2.81439 0.210986 0.977435 -0.0102606 4.4552 0.0159578 -0.0139397 -0.999775 43.099
-0.977893 0.208268 -0.0186882 -2.79951 0.208496 0.977959 -0.0112 4.43712 0.0159437 -0.0148488 -0.999763 42.5406
-0.977788 0.208765 -0.0186562 -2.80396 0.208993 0.977853 -0.0112102 4.42161 0.0159028 -0.0148602 -0.999763 41.9926
-0.977775 0.208748 -0.0194762 -2.80951 0.208983 0.977858 -0.0109057 4.4088 0.0167684 -0.0147335 -0.999751 41.4433
-0.978094 0.207145 -0.020551 -2.81632 0.207376 0.978212 -0.00982208 4.36799 0.0180686 -0.0138687 -0.999741 40.8486
-0.978271 0.206322 -0.0204048 -2.83408 0.206529 0.978403 -0.00857194 4.34254 0.0181955 -0.0125999 -0.999755 40.2411
-0.978079 0.207066 -0.0220473 -2.8098 0.207275 0.978253 -0.00763543 4.33165 0.0199868 -0.0120379 -0.999728 39.5931
-0.976785 0.213384 -0.0189099 -2.84334 0.21359 0.976876 -0.00959441 4.35474 0.0164253 -0.0134106 -0.999775 38.9796
-0.976679 0.213889 -0.0187002 -2.797 0.214062 0.976789 -0.00777359 4.32045 0.0166035 -0.0115953 -0.999795 38.361
-0.977019 0.212582 -0.0156056 -2.78592 0.212705 0.977094 -0.00663315 4.31437 0.0138381 -0.0098001 -0.999856 37.6929
-0.976866 0.213689 -0.00834202 -2.85392 0.213743 0.976869 -0.00631729 4.30566 0.00679913 -0.0079542 -0.999945 37.0865
-0.977222 0.212128 -0.00625747 -2.83542 0.212168 0.97721 -0.00667316 4.29118 0.0046993 -0.0078488 -0.999958 36.4665
-0.976242 0.216621 -0.00525417 -2.80114 0.216662 0.976204 -0.00917238 4.30814 0.00314221 -0.0100928 -0.999944 35.7963
-0.976529 0.215385 -0.000820559 -2.80936 0.215382 0.976471 -0.0107375 4.28347 -0.00151145 -0.0106622 -0.999942 35.189
-0.976192 0.216904 0.00136044 -2.77536 0.216869 0.976116 -0.0128433 4.26939 -0.00411372 -0.0122425 -0.999917 34.5403
-0.976325 0.216176 0.00753958 -2.79372 0.216059 0.976281 -0.0139471 4.24445 -0.0103758 -0.0119879 -0.999874 33.906
-0.976173 0.216614 0.0128428 -2.80663 0.216427 0.976191 -0.0145394 4.22114 -0.0156864 -0.0114134 -0.999812 33.2982
-0.97625 0.216145 0.0147671 -2.77689 0.215919 0.976288 -0.0155282 4.20594 -0.0177733 -0.0119709 -0.99977 32.6607
-0.976099 0.216526 0.018638 -2.78727 0.216283 0.976227 -0.0142107 4.17023 -0.0212719 -0.00983993 -0.999725 32.0569
-0.975738 0.217798 0.0223638 -2.79149 0.217528 0.975955 -0.0139249 4.14972 -0.0248589 -0.00872234 -0.999653 31.4505
-0.975647 0.218055 0.0237736 -2.77032 0.217771 0.9759 -0.0139562 4.12923 -0.0262438 -0.00843915 -0.99962 30.8192
-0.975764 0.217919 0.0199148 -2.69308 0.217589 0.975884 -0.0174874 4.13777 -0.0232453 -0.0127303 -0.999649 30.1886
-0.975797 0.217849 0.0190256 -2.6527 0.21759 0.975928 -0.0147917 4.07907 -0.02179 -0.0102939 -0.99971 29.6106
-0.975779 0.218162 0.0161455 -2.60209 0.217837 0.975786 -0.0197174 4.10566 -0.0200562 -0.0157227 -0.999675 29.0441
-0.976144 0.216506 0.0163441 -2.58421 0.216165 0.976145 -0.0203568 4.08859 -0.0203616 -0.0163381 -0.999659 28.456
-0.976421 0.215351 0.0150268 -2.55885 0.214995 0.976362 -0.0222552 4.08578 -0.0194643 -0.0184998 -0.999639 27.8816
-0.976908 0.213273 0.0128526 -2.5291 0.212946 0.976795 -0.0229304 4.06342 -0.0174448 -0.019664 -0.999654 27.3303
-0.977489 0.210533 0.0138392 -2.53382 0.210246 0.97745 -0.0197136 4.01453 -0.0176775 -0.0163602 -0.99971 26.8071
-0.977745 0.209358 0.0135981 -2.52529 0.209073 0.9777 -0.0197672 4.00017 -0.0174333 -0.0164843 -0.999712 26.2511
-0.977795 0.209252 0.0114149 -2.50056 0.209008 0.977719 -0.0195141 3.97622 -0.0152439 -0.016695 -0.999744 25.7244
-0.977489 0.21069 0.0111946 -2.50055 0.21045 0.977411 -0.0194736 3.94579 -0.0150446 -0.0166793 -0.999748 25.1846
-0.97719 0.212128 0.0101131 -2.49678 0.211891 0.977077 -0.0205645 3.9297 -0.0142436 -0.0179525 -0.999737 24.6635
-0.97728 0.211805 0.00791878 -2.49021 0.211628 0.977168 -0.018852 3.90643 -0.0117309 -0.0167479 -0.999791 24.1564
-0.978223 0.207461 0.00632377 -2.47467 0.207347 0.978149 -0.0152003 3.8914 -0.00933906 -0.0135581 -0.999864 23.6562
-0.979061 0.203499 0.0052002 -2.46826 0.20343 0.979022 -0.011455 3.87587 -0.0074222 -0.0101573 -0.999921 23.1692
-0.979243 0.202639 0.00452846 -2.46107 0.202603 0.979233 -0.00741196 3.85945 -0.00593637 -0.00634063 -0.999962 22.6951
-0.978975 0.203912 0.00529904 -2.46118 0.203893 0.978985 -0.00390746 3.84081 -0.00598446 -0.00274487 -0.999978 22.2304
-0.980288 0.197549 0.00321824 -2.45087 0.19755 0.980293 6.19971e-05 3.79956 -0.00314257 0.000696538 -0.999995 21.8087
-0.981029 0.193841 0.00267921 -2.45034 0.193839 0.981033 -0.00120598 3.79357 -0.00286216 -0.000663769 -0.999996 21.3757
-0.981878 0.189514 0.000941766 -2.43002 0.18951 0.981873 -0.00341744 3.78868 -0.00157235 -0.00317704 -0.999994 20.9444
-0.981838 0.189718 0.00138607 -2.43679 0.189712 0.981833 -0.00360134 3.78067 -0.00204413 -0.00327298 -0.999993 20.5332
-0.981496 0.191481 0.000953443 -2.43271 0.191477 0.981492 -0.00312576 3.78225 -0.00153432 -0.00288536 -0.999995 20.1284
-0.980666 0.195688 0.000931702 -2.43038 0.195685 0.980664 -0.00222163 3.78237 -0.00134843 -0.00199635 -0.999997 19.7554
-0.981 0.194005 0.000555595 -2.42329 0.194004 0.981 -0.00118784 3.77743 -0.000775485 -0.00105748 -0.999999 19.3716
-0.981361 0.192171 0.000443123 -2.42058 0.19217 0.981361 -0.000979879 3.76079 -0.000623168 -0.00087646 -0.999999 18.9863
-0.981473 0.191597 0.000874485 -2.40892 0.191597 0.981474 -0.000545222 3.74696 -0.000962747 -0.000367572 -0.999999 18.5945
-0.981643 0.190714 0.0020863 -2.41568 0.190715 0.981646 6.12507e-05 3.73336 -0.00203633 0.000458015 -0.999998 18.221
-0.981656 0.190653 0.00200101 -2.40483 0.190651 0.981658 -0.00074988 3.73421 -0.00210727 -0.000354629 -0.999998 17.8258
-0.98145 0.19171 0.00178542 -2.39916 0.191707 0.981451 -0.00151682 3.73103 -0.00204309 -0.0011464 -0.999997 17.4417
-0.981691 0.190469 0.00212048 -2.39487 0.190464 0.981691 -0.0022863 3.72715 -0.00251713 -0.00184056 -0.999995 17.0791
-0.981619 0.190839 0.00215031 -2.3928 0.190828 0.981613 -0.00451677 3.7207 -0.00297275 -0.0040234 -0.999987 16.7225
-0.981545 0.191229 0.000938305 -2.37085 0.191221 0.981532 -0.00545129 3.70668 -0.00196342 -0.00517126 -0.999985 16.3619
-0.981706 0.190398 0.00121742 -2.38288 0.190386 0.981685 -0.00687513 3.73491 -0.00250413 -0.00651758 -0.999976 15.9853
-0.982034 0.188702 -0.000951308 -2.3582 0.188704 0.982009 -0.00700048 3.72732 -0.000386814 -0.00705423 -0.999975 15.6269
-0.981841 0.189632 -0.00523926 -2.31057 0.189673 0.981808 -0.00880821 3.73306 0.00347362 -0.00964201 -0.999947 15.1819
-0.981608 0.190808 -0.00610939 -2.36808 0.190874 0.981525 -0.0132464 3.7373 0.003469 -0.0141689 -0.999894 14.7808
-0.981887 0.189284 -0.00827315 -2.37633 0.189415 0.981694 -0.0199837 3.74555 0.00433909 -0.0211888 -0.999766 14.3859
-0.982021 0.188515 -0.00986142 -2.37562 0.188693 0.981785 -0.0222254 3.74391 0.00549198 -0.0236866 -0.999704 13.9673
-0.981764 0.189378 -0.0166145 -2.26229 0.189763 0.981489 -0.0258727 3.80456 0.0114072 -0.0285537 -0.999527 13.5077
-0.981559 0.190421 -0.0167657 -2.26437 0.19081 0.981284 -0.0259324 3.80625 0.0115139 -0.0286532 -0.999523 13.0814
-0.981855 0.188731 -0.0184572 -2.24728 0.189218 0.981486 -0.0297089 3.83736 0.0125085 -0.0326623 -0.999388 12.6697
-0.981805 0.188842 -0.019934 -2.2317 0.18938 0.981449 -0.0298938 3.80468 0.013919 -0.033125 -0.999354 12.2334
-0.981778 0.188736 -0.0221554 -2.20659 0.189295 0.981559 -0.0266196 3.77324 0.0167227 -0.0303284 -0.9994 11.8272
-0.982281 0.186208 -0.0212031 -2.22629 0.186736 0.982054 -0.0264472 3.78749 0.0158979 -0.029938 -0.999425 11.4101
-0.98245 0.185223 -0.0219909 -2.2326 0.185866 0.982051 -0.0320997 3.82275 0.0156506 -0.0356237 -0.999243 10.9655
-0.982314 0.185933 -0.0220903 -2.24679 0.186657 0.981722 -0.0371503 3.83106 0.0147791 -0.0406166 -0.999066 10.5331
-0.981618 0.189316 -0.0241913 -2.25118 0.190186 0.980894 -0.0409493 3.83337 0.0159767 -0.0447974 -0.998868 10.054
-0.981737 0.188897 -0.0226034 -2.28258 0.18969 0.981006 -0.0405472 3.79731 0.0145148 -0.0440943 -0.998922 9.59321
-0.98199 0.187464 -0.0235058 -2.28394 0.188321 0.981205 -0.0420923 3.78918 0.0151732 -0.0457609 -0.998837 9.13494
-0.982292 0.186054 -0.0220656 -2.32817 0.186896 0.981314 -0.0457466 3.80745 0.0131419 -0.0490605 -0.998709 8.68432
-0.98219 0.186542 -0.0224768 -2.34657 0.187437 0.98109 -0.0482746 3.81559 0.0130465 -0.0516278 -0.998581 8.20267
-0.982028 0.187161 -0.0243456 -2.34795 0.188191 0.980813 -0.0508904 3.81663 0.0143538 -0.0545574 -0.998407 7.71113
-0.98206 0.187144 -0.0231384 -2.38998 0.188174 0.980534 -0.0560758 3.83725 0.0121937 -0.0594239 -0.998158 7.24088
-0.981971 0.187425 -0.0245861 -2.40275 0.188537 0.980481 -0.0557727 3.80766 0.013653 -0.0594026 -0.998141 6.76469
-0.981653 0.189149 -0.0241001 -2.43787 0.190214 0.980224 -0.0545811 3.75712 0.0132995 -0.0581638 -0.998218 6.29356
-0.9818 0.18821 -0.0254023 -2.44325 0.189346 0.980414 -0.0541801 3.72092 0.0147075 -0.0580039 -0.998208 5.80767
-0.98175 0.188314 -0.0265503 -2.45201 0.189502 0.980434 -0.0532689 3.69286 0.0159995 -0.057328 -0.998227 5.3314
-0.98191 0.187338 -0.0275104 -2.45832 0.188568 0.980662 -0.0523919 3.66296 0.0171634 -0.0566317 -0.998248 4.85543
-0.981862 0.187836 -0.0257656 -2.48828 0.188952 0.980636 -0.0514848 3.63222 0.015596 -0.0554194 -0.998341 4.39254
-0.981545 0.189355 -0.026737 -2.50158 0.190529 0.98031 -0.0518718 3.60442 0.0163883 -0.0560087 -0.998296 3.93361
-0.980855 0.192793 -0.0274801 -2.51785 0.194 0.979644 -0.0515864 3.57712 0.0169752 -0.0559299 -0.99829 3.48574
-0.980535 0.194207 -0.0288847 -2.5459 0.195495 0.979336 -0.0517932 3.55271 0.0182292 -0.0564319 -0.99824 3.03184
-0.980624 0.193562 -0.0301636 -2.56641 0.194941 0.979399 -0.0526784 3.51727 0.0193457 -0.0575378 -0.998156 2.60563
-0.980723 0.193099 -0.0299235 -2.58544 0.194523 0.979307 -0.0558352 3.49833 0.0185226 -0.0605797 -0.997991 2.15021
-0.980944 0.191574 -0.0323692 -2.59246 0.193176 0.979503 -0.0570679 3.45538 0.020773 -0.0622333 -0.997845 1.69864
-0.980832 0.191734 -0.0347414 -2.59749 0.193484 0.979441 -0.0570956 3.42268 0.02308 -0.0627231 -0.997764 1.25871
-0.980362 0.193802 -0.0364902 -2.61428 0.19564 0.979058 -0.0563136 3.39141 0.0248123 -0.0623466 -0.997746 0.818998
-0.979788 0.196278 -0.0385921 -2.63453 0.198219 0.978594 -0.055342 3.35942 0.0269035 -0.0618731 -0.997721 0.377482
-0.979447 0.197951 -0.0387061 -2.68357 0.199918 0.978203 -0.0561414 3.33983 0.0267491 -0.0627256 -0.997672 -0.0442846
-0.979211 0.198305 -0.0426744 -2.71729 0.200675 0.977745 -0.061194 3.34206 0.0295896 -0.0684855 -0.997213 -0.458716
-0.979556 0.195221 -0.0485717 -2.73125 0.197955 0.978381 -0.0598737 3.29154 0.035833 -0.0682646 -0.997024 -0.867348
-0.979556 0.195221 -0.0485717 -2.73125 0.197955 0.978381 -0.0598737 3.29154 0.035833 -0.0682646 -0.997024 -0.867348
