1.000000 0.000000 0.000000 0.000000 0.000000 1.000000 0.000000 0.000000 0.000000 0.000000 1.000000 0.000000 
1.000000 -0.000140 0.000417 -0.020085 0.000140 1.000000 0.000759 -0.009508 -0.000417 -0.000759 1.000000 0.275022 
0.999989 0.002393 0.004024 -0.108595 -0.002398 0.999996 0.001304 -0.029587 -0.004021 -0.001314 0.999991 0.378693 
1.000000 -0.000918 0.000240 -0.029624 0.000918 0.999999 0.000912 -0.008681 -0.000240 -0.000912 1.000000 0.879941 
0.999999 -0.001227 0.000282 -0.025452 0.001227 0.999999 0.000907 -0.010389 -0.000283 -0.000907 1.000000 1.192004 
0.999999 -0.001437 0.000296 -0.023452 0.001437 0.999998 0.001381 -0.016999 -0.000298 -0.001380 0.999999 1.524808 
0.999998 -0.001818 0.000222 -0.021935 0.001818 0.999998 0.001063 -0.020530 -0.000224 -0.001063 0.999999 1.867446 
0.999999 -0.001619 -0.000153 -0.019436 0.001619 0.999998 0.000988 -0.024615 0.000151 -0.000988 1.000000 2.191918 
0.999999 -0.001260 -0.000623 -0.023261 0.001261 0.999999 0.001076 -0.025937 0.000622 -0.001077 0.999999 2.526321 
0.999999 -0.000694 -0.001002 -0.028280 0.000695 0.999999 0.001113 -0.031128 0.001001 -0.001114 0.999999 2.859319 
0.999999 -0.001035 -0.001187 -0.028113 0.001036 0.999999 0.001166 -0.036281 0.001186 -0.001168 0.999999 3.183676 
0.999998 -0.001466 -0.001411 -0.031336 0.001468 0.999998 0.001421 -0.038515 0.001409 -0.001423 0.999998 3.499773 
0.999999 -0.000776 -0.001524 -0.035351 0.000778 0.999999 0.000968 -0.047456 0.001523 -0.000970 0.999998 3.959288 
0.999998 -0.000864 -0.001836 -0.046469 0.000866 0.999999 0.000632 -0.048415 0.001836 -0.000634 0.999998 4.276892 
0.999997 -0.000727 -0.002240 -0.049468 0.000727 1.000000 0.000095 -0.054596 0.002240 -0.000097 0.999997 4.579517 
0.999997 -0.000355 -0.002558 -0.051704 0.000355 1.000000 0.000218 -0.061473 0.002558 -0.000219 0.999997 4.868622 
0.999996 0.000012 -0.002937 -0.056244 -0.000011 1.000000 0.000337 -0.066067 0.002937 -0.000337 0.999996 5.153413 
0.999995 0.000446 -0.003120 -0.058588 -0.000445 1.000000 0.000493 -0.076916 0.003120 -0.000492 0.999995 5.465693 
0.999994 0.000142 -0.003334 -0.060756 -0.000140 1.000000 0.000455 -0.076074 0.003334 -0.000454 0.999994 5.745348 
0.999994 -0.000030 -0.003504 -0.062556 0.000031 1.000000 0.000251 -0.080402 0.003504 -0.000251 0.999994 6.040841 
0.999994 -0.000239 -0.003461 -0.079802 0.000238 1.000000 -0.000038 -0.077004 0.003461 0.000037 0.999994 6.323268 
0.999992 -0.000296 -0.004023 -0.063222 0.000297 1.000000 0.000083 -0.083953 0.004023 -0.000084 0.999992 6.603555 
0.999991 -0.000509 -0.004163 -0.061244 0.000508 1.000000 -0.000007 -0.088866 0.004163 0.000005 0.999991 6.881671 
0.999992 -0.000874 -0.003923 -0.052756 0.000874 1.000000 -0.000047 -0.083813 0.003923 0.000044 0.999992 7.100027 
0.999991 -0.000975 -0.004018 -0.069993 0.000976 1.000000 0.000202 -0.093411 0.004017 -0.000206 0.999992 7.433626 
0.999991 -0.000561 -0.004133 -0.068812 0.000565 1.000000 0.000817 -0.098450 0.004132 -0.000820 0.999991 7.711899 
0.999991 -0.000191 -0.004222 -0.075144 0.000194 1.000000 0.000715 -0.101843 0.004222 -0.000715 0.999991 7.983873 
0.999991 0.000112 -0.004302 -0.075874 -0.000110 1.000000 0.000473 -0.105465 0.004302 -0.000472 0.999991 8.248866 
0.999991 0.000156 -0.004227 -0.080964 -0.000153 1.000000 0.000816 -0.099605 0.004227 -0.000815 0.999991 8.510409 
0.999992 -0.000157 -0.004065 -0.086705 0.000161 0.999999 0.001127 -0.102974 0.004064 -0.001127 0.999991 8.770060 
0.999992 -0.000250 -0.003881 -0.090277 0.000252 1.000000 0.000669 -0.104189 0.003881 -0.000670 0.999992 9.034374 
0.999994 -0.000158 -0.003476 -0.092485 0.000160 1.000000 0.000479 -0.104421 0.003476 -0.000479 0.999994 9.300438 
0.999994 0.000051 -0.003365 -0.091129 -0.000048 1.000000 0.000731 -0.113679 0.003365 -0.000731 0.999994 9.541002 
0.999996 0.000201 -0.002923 -0.098208 -0.000199 1.000000 0.000623 -0.112751 0.002923 -0.000622 0.999996 9.786169 
0.999995 0.000497 -0.003126 -0.099077 -0.000498 1.000000 -0.000414 -0.109892 0.003126 0.000416 0.999995 10.049380 
0.999995 0.000427 -0.003260 -0.097024 -0.000431 0.999999 -0.001339 -0.113083 0.003259 0.001340 0.999994 10.303254 
0.999995 -0.000027 -0.003253 -0.112588 0.000021 0.999998 -0.001754 -0.119556 0.003253 0.001754 0.999993 10.569445 
0.999993 -0.000027 -0.003620 -0.108962 0.000020 0.999998 -0.001966 -0.123627 0.003620 0.001966 0.999992 10.823281 
0.999993 -0.000178 -0.003863 -0.108533 0.000170 0.999998 -0.002107 -0.129349 0.003863 0.002106 0.999990 11.072142 
0.999991 0.000007 -0.004265 -0.114610 -0.000018 0.999996 -0.002664 -0.125907 0.004265 0.002664 0.999987 11.348374 
0.999988 -0.000154 -0.004847 -0.120299 0.000140 0.999995 -0.003004 -0.126734 0.004848 0.003003 0.999984 11.631854 
0.999982 -0.000513 -0.006025 -0.124416 0.000493 0.999995 -0.003204 -0.133493 0.006027 0.003200 0.999977 11.923332 
0.999977 -0.000672 -0.006818 -0.139333 0.000650 0.999995 -0.003239 -0.132207 0.006820 0.003234 0.999972 12.216858 
0.999971 -0.000410 -0.007558 -0.143655 0.000384 0.999994 -0.003483 -0.134506 0.007559 0.003480 0.999965 12.535359 
0.999966 -0.000332 -0.008226 -0.153230 0.000301 0.999993 -0.003792 -0.143694 0.008227 0.003789 0.999959 12.846750 
0.999962 -0.000393 -0.008762 -0.172145 0.000355 0.999990 -0.004371 -0.142650 0.008763 0.004367 0.999952 13.167991 
0.999963 -0.000630 -0.008556 -0.253836 0.000585 0.999986 -0.005195 -0.117330 0.008560 0.005190 0.999950 13.534767 
0.999957 -0.000297 -0.009266 -0.264803 0.000246 0.999985 -0.005461 -0.118974 0.009267 0.005458 0.999942 13.887598 
0.999954 -0.000500 -0.009544 -0.282254 0.000447 0.999984 -0.005615 -0.117567 0.009547 0.005611 0.999939 14.251490 
0.999950 -0.000420 -0.009962 -0.263215 0.000360 0.999982 -0.005972 -0.124630 0.009964 0.005969 0.999933 14.670237 
0.999949 -0.000241 -0.010070 -0.263759 0.000178 0.999980 -0.006258 -0.123675 0.010071 0.006256 0.999930 15.125446 
0.999947 -0.000183 -0.010309 -0.261618 0.000123 0.999983 -0.005763 -0.141622 0.010310 0.005762 0.999930 15.552406 
0.999957 -0.000166 -0.009294 -0.293552 0.000114 0.999985 -0.005513 -0.154525 0.009295 0.005512 0.999942 15.741294 
0.999961 -0.000256 -0.008802 -0.326728 0.000203 0.999982 -0.005973 -0.147650 0.008803 0.005971 0.999943 16.081256 
0.999970 -0.000503 -0.007784 -0.369606 0.000450 0.999977 -0.006816 -0.133599 0.007787 0.006813 0.999946 16.438601 
0.999977 -0.000649 -0.006808 -0.438929 0.000601 0.999975 -0.007025 -0.121688 0.006813 0.007021 0.999952 16.871580 
0.999983 -0.000243 -0.005806 -0.540345 0.000198 0.999970 -0.007731 -0.101416 0.005808 0.007730 0.999953 17.351670 
0.999991 -0.000873 -0.004166 -0.690778 0.000840 0.999969 -0.007887 -0.093477 0.004173 0.007884 0.999960 17.800223 
0.999991 -0.001825 -0.003931 -0.710241 0.001794 0.999967 -0.007936 -0.101408 0.003946 0.007929 0.999961 18.291121 
0.999994 -0.001655 -0.002989 -0.787316 0.001631 0.999966 -0.008106 -0.088699 0.003002 0.008101 0.999963 18.786630 
0.999995 -0.001616 -0.002741 -0.831453 0.001595 0.999969 -0.007715 -0.076975 0.002753 0.007711 0.999966 19.334361 
0.999995 -0.001816 -0.002498 -0.846255 0.001798 0.999971 -0.007408 -0.083368 0.002512 0.007404 0.999969 19.880942 
0.999969 -0.001584 -0.007769 -0.514846 0.001539 0.999982 -0.005712 -0.209092 0.007778 0.005700 0.999954 20.914036 
0.999964 -0.001250 -0.008424 -0.514423 0.001216 0.999991 -0.004029 -0.231977 0.008429 0.004019 0.999956 21.563312 
0.999964 -0.001749 -0.008356 -0.527401 0.001733 0.999997 -0.001927 -0.237510 0.008359 0.001912 0.999963 22.180336 
0.999964 -0.001883 -0.008232 -0.538578 0.001884 0.999998 0.000149 -0.246095 0.008231 -0.000164 0.999966 22.756572 
0.999961 -0.002050 -0.008594 -0.549597 0.002068 0.999996 0.002036 -0.255208 0.008590 -0.002053 0.999961 23.361541 
0.999958 -0.001861 -0.009000 -0.549807 0.001889 0.999994 0.003015 -0.251287 0.008994 -0.003032 0.999955 23.944355 
0.999961 -0.002034 -0.008572 -0.576197 0.002065 0.999991 0.003610 -0.266210 0.008565 -0.003627 0.999957 24.483727 
0.999956 -0.002121 -0.009181 -0.591254 0.002153 0.999992 0.003468 -0.254513 0.009174 -0.003487 0.999952 25.104800 
0.999965 -0.002864 -0.007839 -0.746280 0.002892 0.999989 0.003618 -0.245519 0.007828 -0.003640 0.999963 25.601951 
0.999966 -0.003102 -0.007689 -0.771436 0.003131 0.999988 0.003801 -0.251523 0.007677 -0.003824 0.999963 26.168618 
0.999967 -0.002523 -0.007738 -0.795583 0.002554 0.999988 0.004109 -0.256108 0.007728 -0.004128 0.999962 26.736493 
0.999966 -0.002101 -0.008035 -0.813667 0.002136 0.999988 0.004450 -0.261079 0.008026 -0.004467 0.999958 27.297219 
0.999958 -0.001868 -0.008974 -0.734311 0.001905 0.999990 0.004059 -0.257128 0.008966 -0.004076 0.999951 27.712038 
0.999962 -0.002247 -0.008447 -0.803255 0.002281 0.999989 0.003980 -0.248478 0.008438 -0.003999 0.999956 28.337762 
0.999960 -0.001735 -0.008786 -0.831801 0.001771 0.999990 0.004175 -0.238306 0.008778 -0.004191 0.999953 28.873983 
0.999959 -0.001434 -0.008924 -0.859217 0.001469 0.999991 0.003923 -0.235625 0.008918 -0.003935 0.999952 29.424927 
0.999946 -0.001177 -0.010289 -0.779614 0.001214 0.999993 0.003532 -0.247645 0.010285 -0.003545 0.999941 29.966422 
0.999941 -0.000754 -0.010791 -0.776722 0.000794 0.999993 0.003703 -0.252400 0.010788 -0.003711 0.999935 30.541317 
0.999931 -0.000879 -0.011686 -0.758433 0.000927 0.999991 0.004085 -0.267548 0.011683 -0.004095 0.999923 31.147695 
0.999927 -0.001251 -0.012008 -0.752873 0.001288 0.999994 0.003130 -0.278479 0.012004 -0.003145 0.999923 31.747807 
0.999922 -0.001126 -0.012403 -0.750465 0.001158 0.999996 0.002523 -0.283563 0.012400 -0.002537 0.999920 32.304356 
0.999926 -0.001237 -0.012138 -0.781969 0.001268 0.999996 0.002474 -0.293386 0.012135 -0.002489 0.999923 32.720648 
0.999903 -0.001681 -0.013845 -0.724331 0.001711 0.999996 0.002175 -0.316247 0.013841 -0.002198 0.999902 33.372543 
0.999902 -0.001544 -0.013880 -0.755978 0.001570 0.999997 0.001845 -0.323011 0.013877 -0.001867 0.999902 34.014933 
0.999910 -0.001360 -0.013332 -0.818794 0.001386 0.999997 0.001988 -0.319399 0.013330 -0.002007 0.999909 34.559971 
0.999902 -0.000838 -0.013949 -0.779770 0.000868 0.999997 0.002162 -0.330394 0.013947 -0.002174 0.999900 35.077362 
0.999897 -0.001867 -0.014199 -0.777052 0.001895 0.999996 0.001947 -0.340617 0.014195 -0.001973 0.999897 35.691291 
0.999896 -0.001947 -0.014313 -0.776915 0.001974 0.999996 0.001913 -0.348479 0.014309 -0.001942 0.999896 36.206230 
0.999897 -0.002194 -0.014187 -0.785452 0.002219 0.999996 0.001768 -0.347169 0.014183 -0.001799 0.999898 36.668922 
0.999908 -0.002255 -0.013400 -0.844708 0.002273 0.999997 0.001333 -0.311523 0.013397 -0.001364 0.999909 37.153492 
0.999906 -0.002722 -0.013467 -0.841302 0.002748 0.999994 0.001916 -0.330479 0.013462 -0.001953 0.999907 37.664838 
0.999912 -0.002409 -0.013033 -0.874785 0.002438 0.999995 0.002241 -0.324184 0.013027 -0.002273 0.999913 38.119978 
0.999916 -0.002091 -0.012816 -0.913234 0.002120 0.999995 0.002289 -0.323656 0.012812 -0.002316 0.999915 38.666800 
0.999917 -0.002353 -0.012633 -0.928450 0.002378 0.999995 0.001969 -0.325241 0.012628 -0.001999 0.999918 39.194657 
0.999915 -0.003081 -0.012643 -0.909920 0.003109 0.999993 0.002134 -0.333188 0.012636 -0.002173 0.999918 39.585849 
0.999924 -0.003358 -0.011868 -0.987573 0.003380 0.999993 0.001809 -0.333634 0.011862 -0.001849 0.999928 40.147143 
0.999932 -0.003495 -0.011128 -1.046121 0.003509 0.999993 0.001212 -0.327421 0.011124 -0.001251 0.999937 40.604784 
0.999936 -0.003645 -0.010683 -1.075892 0.003658 0.999993 0.001191 -0.326580 0.010679 -0.001230 0.999942 41.098814 
0.999939 -0.003533 -0.010456 -1.101798 0.003546 0.999993 0.001246 -0.329283 0.010451 -0.001283 0.999945 41.588079 
0.999937 -0.003599 -0.010615 -1.118891 0.003615 0.999992 0.001469 -0.334417 0.010610 -0.001508 0.999943 42.059199 
0.999926 -0.005336 -0.010924 -1.138436 0.005357 0.999984 0.001932 -0.333036 0.010914 -0.001990 0.999938 42.500860 
0.999928 -0.005527 -0.010653 -1.189646 0.005549 0.999983 0.002011 -0.317192 0.010642 -0.002070 0.999941 43.008233 
0.999921 -0.004848 -0.011605 -1.160247 0.004871 0.999986 0.002028 -0.310156 0.011595 -0.002085 0.999931 43.622884 
0.999915 -0.004476 -0.012278 -1.165096 0.004498 0.999988 0.001760 -0.314982 0.012270 -0.001815 0.999923 44.132810 
0.999907 -0.005248 -0.012590 -1.189854 0.005267 0.999985 0.001443 -0.313055 0.012582 -0.001509 0.999920 44.615697 
0.999896 -0.005872 -0.013201 -1.213132 0.005898 0.999981 0.001929 -0.310267 0.013190 -0.002007 0.999911 45.102961 
0.999881 -0.005876 -0.014252 -1.218546 0.005912 0.999979 0.002481 -0.317774 0.014237 -0.002565 0.999895 45.614766 
0.999842 -0.004954 -0.017096 -1.075271 0.005003 0.999983 0.002844 -0.372412 0.017082 -0.002929 0.999850 46.077000 
0.999811 -0.005806 -0.018533 -1.075495 0.005863 0.999978 0.003021 -0.393918 0.018515 -0.003129 0.999824 46.698828 
0.999795 -0.005650 -0.019421 -1.085810 0.005712 0.999979 0.003158 -0.400729 0.019402 -0.003268 0.999806 47.170929 
0.999778 -0.005033 -0.020448 -1.094503 0.005106 0.999981 0.003558 -0.407737 0.020430 -0.003661 0.999785 47.646045 
0.999759 -0.004924 -0.021390 -1.105220 0.005009 0.999980 0.003902 -0.415229 0.021371 -0.004008 0.999764 48.101247 
0.999741 -0.005214 -0.022131 -1.112735 0.005295 0.999980 0.003596 -0.423058 0.022112 -0.003713 0.999749 48.562796 
0.999720 -0.005141 -0.023081 -1.122382 0.005227 0.999980 0.003658 -0.430850 0.023062 -0.003777 0.999727 49.022468 
0.999691 -0.005076 -0.024330 -1.159732 0.005169 0.999980 0.003728 -0.431490 0.024311 -0.003852 0.999697 49.548694 
0.999674 -0.005213 -0.024985 -1.188497 0.005308 0.999979 0.003751 -0.441814 0.024965 -0.003883 0.999681 50.004233 
0.999643 -0.005650 -0.026097 -1.184357 0.005746 0.999977 0.003611 -0.450307 0.026076 -0.003759 0.999653 50.439586 
0.999612 -0.005569 -0.027279 -1.185136 0.005677 0.999976 0.003855 -0.455940 0.027257 -0.004008 0.999620 50.909929 
0.999582 -0.005132 -0.028451 -1.188951 0.005239 0.999979 0.003686 -0.461562 0.028432 -0.003834 0.999588 51.373059 
0.999550 -0.004832 -0.029591 -1.189165 0.004948 0.999980 0.003854 -0.467290 0.029572 -0.003999 0.999555 51.834763 
0.999541 -0.004892 -0.029888 -1.224433 0.005020 0.999979 0.004214 -0.479498 0.029867 -0.004363 0.999544 52.238751 
0.999525 -0.004888 -0.030417 -1.254539 0.005032 0.999976 0.004680 -0.490639 0.030393 -0.004831 0.999526 52.727388 
0.999515 -0.004095 -0.030879 -1.265377 0.004253 0.999978 0.005051 -0.491659 0.030858 -0.005180 0.999510 53.141465 
0.999500 -0.003730 -0.031402 -1.274936 0.003889 0.999980 0.005018 -0.497772 0.031382 -0.005138 0.999494 53.593213 
0.999498 -0.003515 -0.031482 -1.294591 0.003662 0.999983 0.004615 -0.506478 0.031465 -0.004728 0.999494 54.018001 
0.999498 -0.003725 -0.031453 -1.310985 0.003871 0.999982 0.004591 -0.511066 0.031436 -0.004710 0.999495 54.445159 
0.999501 -0.003602 -0.031368 -1.323555 0.003763 0.999980 0.005081 -0.512463 0.031349 -0.005196 0.999495 54.862293 
0.999501 -0.002937 -0.031444 -1.335793 0.003090 0.999984 0.004814 -0.515534 0.031429 -0.004909 0.999494 55.272619 
0.999501 -0.002398 -0.031487 -1.352396 0.002538 0.999987 0.004410 -0.517042 0.031476 -0.004487 0.999494 55.691031 
0.999515 -0.002888 -0.031004 -1.359604 0.003028 0.999985 0.004468 -0.520135 0.030990 -0.004560 0.999509 56.019751 
0.999520 -0.003225 -0.030819 -1.372682 0.003371 0.999983 0.004691 -0.528788 0.030804 -0.004792 0.999514 56.483183 
0.999518 -0.003214 -0.030890 -1.386142 0.003369 0.999982 0.004990 -0.532461 0.030873 -0.005091 0.999510 56.883175 
0.999519 -0.002747 -0.030902 -1.404665 0.002900 0.999984 0.004916 -0.533963 0.030888 -0.005003 0.999510 57.248154 
0.999518 -0.002496 -0.030940 -1.422376 0.002662 0.999982 0.005313 -0.539855 0.030926 -0.005393 0.999507 57.643896 
0.999511 -0.002683 -0.031151 -1.425001 0.002857 0.999981 0.005528 -0.547210 0.031135 -0.005614 0.999499 58.023427 
0.999503 -0.002264 -0.031449 -1.437884 0.002423 0.999984 0.005014 -0.548131 0.031437 -0.005087 0.999493 58.402438 
0.999497 -0.002195 -0.031624 -1.445465 0.002344 0.999986 0.004673 -0.546445 0.031613 -0.004745 0.999489 58.748737 
0.999477 -0.002120 -0.032265 -1.461665 0.002277 0.999986 0.004831 -0.545558 0.032254 -0.004902 0.999468 59.137036 
0.999470 -0.001911 -0.032504 -1.475514 0.002065 0.999987 0.004717 -0.542256 0.032495 -0.004782 0.999460 59.504244 
0.999476 -0.001941 -0.032296 -1.506391 0.002079 0.999989 0.004232 -0.541376 0.032288 -0.004297 0.999469 59.868878 
0.999458 -0.001553 -0.032898 -1.503203 0.001692 0.999990 0.004191 -0.544818 0.032891 -0.004245 0.999450 60.245034 
0.999449 -0.001361 -0.033159 -1.516877 0.001499 0.999990 0.004162 -0.551708 0.033153 -0.004209 0.999441 60.598838 
0.999437 -0.000660 -0.033536 -1.529330 0.000775 0.999994 0.003417 -0.551041 0.033533 -0.003441 0.999432 60.956486 
0.999443 -0.000675 -0.033353 -1.533301 0.000778 0.999995 0.003086 -0.538297 0.033351 -0.003111 0.999439 61.244647 
0.999443 -0.001124 -0.033351 -1.546739 0.001225 0.999995 0.003008 -0.552851 0.033348 -0.003047 0.999439 61.640631 
0.999450 -0.000759 -0.033151 -1.558552 0.000849 0.999996 0.002692 -0.554493 0.033149 -0.002718 0.999447 61.989742 
0.999450 -0.000374 -0.033163 -1.562341 0.000463 0.999996 0.002676 -0.556324 0.033162 -0.002690 0.999446 62.347141 
0.999454 -0.000294 -0.033041 -1.580277 0.000377 0.999997 0.002527 -0.568540 0.033041 -0.002538 0.999451 62.667763 
0.999463 -0.000154 -0.032776 -1.600496 0.000227 0.999997 0.002247 -0.568340 0.032776 -0.002253 0.999460 63.024107 
0.999472 -0.000313 -0.032487 -1.626568 0.000384 0.999998 0.002178 -0.582567 0.032486 -0.002189 0.999470 63.326724 
0.999486 -0.000533 -0.032063 -1.633211 0.000583 0.999999 0.001552 -0.587055 0.032062 -0.001570 0.999485 63.637731 
0.999483 -0.000782 -0.032137 -1.640903 0.000829 0.999999 0.001440 -0.590650 0.032136 -0.001466 0.999482 64.072590 
0.999480 -0.000279 -0.032240 -1.653430 0.000318 0.999999 0.001197 -0.593788 0.032239 -0.001206 0.999479 64.443303 
0.999480 -0.000190 -0.032249 -1.661625 0.000201 1.000000 0.000327 -0.602135 0.032249 -0.000333 0.999480 64.795539 
0.999495 -0.000955 -0.031777 -1.679369 0.000910 0.999999 -0.001435 -0.609758 0.031779 0.001405 0.999494 65.171466 
0.999523 -0.001309 -0.030867 -1.687197 0.001220 0.999995 -0.002889 -0.616695 0.030871 0.002850 0.999519 65.559193 
0.999573 -0.000987 -0.029215 -1.695977 0.000890 0.999994 -0.003350 -0.616640 0.029218 0.003323 0.999568 65.922549 
0.999636 -0.000060 -0.026989 -1.711244 -0.000005 0.999997 -0.002402 -0.622431 0.026989 0.002401 0.999633 66.298976 
0.999721 0.001128 -0.023585 -1.727492 -0.001164 0.999998 -0.001512 -0.619678 0.023583 0.001539 0.999721 66.660597 
0.999839 0.002329 -0.017810 -1.826338 -0.002365 0.999995 -0.002028 -0.586421 0.017805 0.002070 0.999839 66.833480 
0.999926 0.001660 -0.012061 -1.884648 -0.001690 0.999995 -0.002541 -0.576147 0.012057 0.002561 0.999924 67.141848 
0.999982 0.000282 -0.005968 -1.942353 -0.000294 0.999998 -0.001999 -0.566773 0.005967 0.002001 0.999980 67.452433 
1.000000 -0.000107 -0.000662 -1.951785 0.000105 0.999998 -0.002169 -0.543821 0.000662 0.002169 0.999997 67.912077 
0.999998 0.000049 0.002076 -1.778210 -0.000044 0.999998 -0.002054 -0.587864 -0.002076 0.002054 0.999996 68.668031 
0.999974 0.000102 0.007157 -1.745506 -0.000083 0.999996 -0.002711 -0.621931 -0.007157 0.002710 0.999971 69.281695 
0.999918 0.000431 0.012779 -1.733509 -0.000373 0.999990 -0.004517 -0.625841 -0.012781 0.004512 0.999908 69.794876 
0.999833 0.000540 0.018274 -1.726356 -0.000455 0.999989 -0.004692 -0.627394 -0.018277 0.004683 0.999822 70.298301 
0.999720 -0.000542 0.023676 -1.703697 0.000625 0.999994 -0.003480 -0.627681 -0.023674 0.003494 0.999714 70.809531 
0.999552 -0.000531 0.029932 -1.717741 0.000617 0.999996 -0.002844 -0.620920 -0.029930 0.002861 0.999548 71.257254 
0.999360 -0.000527 0.035767 -1.687201 0.000618 0.999997 -0.002545 -0.644196 -0.035766 0.002565 0.999357 71.850900 
0.999128 -0.000516 0.041745 -1.697787 0.000633 0.999996 -0.002787 -0.642877 -0.041744 0.002811 0.999124 72.382618 
0.998851 -0.001413 0.047911 -1.673413 0.001564 0.999994 -0.003099 -0.645416 -0.047907 0.003171 0.998847 72.924300 
0.998548 -0.001893 0.053836 -1.623921 0.002024 0.999995 -0.002367 -0.659986 -0.053831 0.002473 0.998547 73.536366 
0.998235 -0.001378 0.059367 -1.589577 0.001493 0.999997 -0.001881 -0.665422 -0.059364 0.001966 0.998234 74.103996 
0.997852 -0.001694 0.065491 -1.556847 0.001821 0.999997 -0.001888 -0.676136 -0.065488 0.002003 0.997851 74.698336 
0.997458 -0.002643 0.071210 -1.504820 0.002787 0.999994 -0.001925 -0.675686 -0.071205 0.002118 0.997459 75.367985 
0.997081 -0.002397 0.076313 -1.445325 0.002526 0.999996 -0.001595 -0.680860 -0.076309 0.001783 0.997083 76.028824 
0.996638 -0.002698 0.081890 -1.392375 0.002807 0.999995 -0.001218 -0.685114 -0.081887 0.001444 0.996641 76.676450 
0.996135 -0.002775 0.087791 -1.339366 0.002839 0.999996 -0.000600 -0.684475 -0.087789 0.000847 0.996139 77.399398 
0.995660 -0.002727 0.093030 -1.273166 0.002745 0.999996 -0.000062 -0.691160 -0.093029 0.000317 0.995663 78.053368 
0.995149 -0.003576 0.098310 -1.223065 0.003574 0.999994 0.000199 -0.700570 -0.098310 0.000153 0.995156 78.711824 
0.994823 -0.005098 0.101499 -1.120721 0.005057 0.999987 0.000664 -0.709000 -0.101501 -0.000147 0.994835 79.442806 
0.994593 -0.005522 0.103706 -1.059108 0.005412 0.999984 0.001335 -0.711599 -0.103712 -0.000767 0.994607 80.098575 
0.994510 -0.006625 0.104428 -0.971028 0.006497 0.999978 0.001569 -0.710194 -0.104436 -0.000882 0.994531 80.821193 
0.994435 -0.006752 0.105138 -0.901533 0.006670 0.999977 0.001127 -0.717749 -0.105144 -0.000420 0.994457 81.514027 
0.994463 -0.006441 0.104891 -0.830688 0.006386 0.999979 0.000856 -0.730595 -0.104894 -0.000181 0.994483 82.232596 
0.994597 -0.006963 0.103574 -0.757991 0.006940 0.999976 0.000591 -0.732215 -0.103576 0.000131 0.994622 82.986446 
0.994726 -0.007202 0.102319 -0.681733 0.007201 0.999974 0.000388 -0.739373 -0.102319 0.000351 0.994752 83.749141 
0.994876 -0.007524 0.100825 -0.611532 0.007578 0.999971 -0.000157 -0.740720 -0.100821 0.000920 0.994904 84.515664 
0.995085 -0.007829 0.098711 -0.522010 0.007860 0.999969 0.000069 -0.748312 -0.098708 0.000707 0.995116 85.296827 
0.995360 -0.007389 0.095936 -0.454852 0.007403 0.999973 0.000213 -0.755103 -0.095935 0.000499 0.995387 86.065199 
0.995673 -0.006771 0.092680 -0.398643 0.006872 0.999976 -0.000769 -0.740844 -0.092672 0.001402 0.995696 86.843104 
0.996010 -0.006340 0.089015 -0.347666 0.006370 0.999980 -0.000049 -0.743964 -0.089013 0.000616 0.996030 87.614115 
0.996388 -0.006389 0.084678 -0.283858 0.006319 0.999979 0.001087 -0.750431 -0.084683 -0.000548 0.996408 88.417347 
0.996785 -0.006582 0.079851 -0.219278 0.006442 0.999977 0.002012 -0.753779 -0.079862 -0.001492 0.996805 89.209586 
0.997153 -0.006926 0.075084 -0.174091 0.006748 0.999974 0.002631 -0.756284 -0.075101 -0.002117 0.997174 90.006233 
0.997529 -0.007684 0.069839 -0.124583 0.007482 0.999967 0.003150 -0.756844 -0.069861 -0.002619 0.997553 90.798629 
0.997898 -0.007617 0.064353 -0.077554 0.007441 0.999968 0.002983 -0.757796 -0.064373 -0.002498 0.997923 91.600949 
0.998257 -0.007121 0.058591 -0.030904 0.006970 0.999972 0.002792 -0.764848 -0.058609 -0.002378 0.998278 92.389458 
0.998558 -0.006830 0.053240 0.002141 0.006715 0.999975 0.002334 -0.768095 -0.053255 -0.001973 0.998579 93.168199 
0.998857 -0.005975 0.047424 0.033920 0.005893 0.999981 0.001879 -0.771645 -0.047434 -0.001598 0.998873 93.936135 
0.999101 -0.005930 0.041966 0.063408 0.005878 0.999982 0.001375 -0.771829 -0.041973 -0.001127 0.999118 94.698484 
0.999326 -0.005760 0.036258 0.089151 0.005710 0.999983 0.001502 -0.782941 -0.036266 -0.001294 0.999341 95.467959 
0.999501 -0.005680 0.031084 0.100562 0.005632 0.999983 0.001611 -0.783404 -0.031092 -0.001435 0.999515 96.229481 
0.999658 -0.005255 0.025605 0.115621 0.005203 0.999984 0.002108 -0.792875 -0.025616 -0.001974 0.999670 96.988422 
0.999782 -0.005344 0.020184 0.124692 0.005297 0.999983 0.002385 -0.801021 -0.020197 -0.002277 0.999793 97.734574 
0.999874 -0.005105 0.015034 0.120851 0.005081 0.999986 0.001632 -0.799720 -0.015042 -0.001555 0.999886 98.480949 
0.999939 -0.005325 0.009725 0.131908 0.005308 0.999984 0.001816 -0.810307 -0.009735 -0.001764 0.999951 99.218830 
0.999972 -0.005826 0.004738 0.127390 0.005820 0.999982 0.001209 -0.801362 -0.004745 -0.001181 0.999988 99.954538 
0.999986 -0.005263 0.000196 0.113634 0.005263 0.999986 0.001082 -0.814636 -0.000202 -0.001081 0.999999 100.689937 
0.999981 -0.005005 -0.003693 0.091260 0.005011 0.999986 0.001654 -0.821902 0.003684 -0.001673 0.999992 101.416808 
0.999957 -0.005396 -0.007509 0.096200 0.005409 0.999984 0.001679 -0.835790 0.007500 -0.001719 0.999970 102.157206 
0.999923 -0.005942 -0.010909 0.090139 0.005969 0.999979 0.002480 -0.848718 0.010894 -0.002544 0.999937 102.895141 
0.999890 -0.005257 -0.013878 0.079888 0.005286 0.999984 0.002022 -0.850721 0.013867 -0.002095 0.999902 103.613445 
0.999853 -0.005094 -0.016391 0.069538 0.005106 0.999987 0.000732 -0.850924 0.016387 -0.000816 0.999865 104.342311 
0.999819 -0.003949 -0.018605 0.054391 0.003937 0.999992 -0.000671 -0.852387 0.018608 0.000598 0.999827 105.095345 
0.999789 -0.004025 -0.020126 0.021755 0.003993 0.999991 -0.001628 -0.860328 0.020132 0.001547 0.999796 105.790413 
0.999766 -0.004294 -0.021200 -0.030684 0.004278 0.999991 -0.000791 -0.868368 0.021203 0.000700 0.999775 106.454749 
0.999744 -0.004263 -0.022217 -0.074705 0.004231 0.999990 -0.001458 -0.868401 0.022223 0.001364 0.999752 107.130753 
0.999705 -0.004647 -0.023833 -0.083161 0.004599 0.999987 -0.002055 -0.876646 0.023842 0.001945 0.999714 107.886420 
0.999643 -0.004675 -0.026293 -0.088039 0.004626 0.999988 -0.001896 -0.881086 0.026302 0.001774 0.999652 108.764019 
0.999635 -0.006144 -0.026316 -0.185656 0.006107 0.999980 -0.001491 -0.901546 0.026325 0.001330 0.999653 109.428707 
0.999578 -0.005117 -0.028592 -0.174689 0.005058 0.999985 -0.002130 -0.891869 0.028602 0.001984 0.999589 110.257025 
0.999548 -0.004951 -0.029664 -0.211844 0.004871 0.999984 -0.002772 -0.870224 0.029677 0.002626 0.999556 111.004481 
0.999520 -0.005053 -0.030554 -0.245865 0.004950 0.999982 -0.003466 -0.867115 0.030571 0.003313 0.999527 111.742856 
0.999472 -0.004796 -0.032124 -0.267844 0.004707 0.999985 -0.002845 -0.910567 0.032137 0.002692 0.999480 112.531931 
0.999454 -0.005058 -0.032658 -0.328182 0.004963 0.999983 -0.002993 -0.914483 0.032672 0.002830 0.999462 113.227518 
0.999414 -0.005758 -0.033728 -0.377116 0.005657 0.999979 -0.003083 -0.916880 0.033745 0.002890 0.999426 113.974027 
0.999403 -0.006496 -0.033939 -0.473530 0.006399 0.999975 -0.002981 -0.912744 0.033958 0.002762 0.999419 114.617342 
0.999375 -0.006833 -0.034685 -0.565638 0.006722 0.999972 -0.003301 -0.900540 0.034707 0.003066 0.999393 115.324185 
0.999285 -0.006806 -0.037178 -0.609485 0.006688 0.999972 -0.003297 -0.899277 0.037200 0.003046 0.999303 116.083700 
0.999239 -0.007386 -0.038294 -0.691347 0.007232 0.999965 -0.004154 -0.883352 0.038323 0.003873 0.999258 116.755052 
0.999182 -0.006909 -0.039857 -0.743383 0.006759 0.999970 -0.003903 -0.896010 0.039883 0.003630 0.999198 117.392742 
0.999101 -0.008089 -0.041614 -0.815306 0.007883 0.999956 -0.005129 -0.893488 0.041653 0.004796 0.999121 118.110944 
0.999030 -0.007749 -0.043348 -0.872998 0.007524 0.999957 -0.005354 -0.908886 0.043388 0.005023 0.999046 118.812736 
0.998973 -0.007897 -0.044605 -0.941192 0.007652 0.999955 -0.005655 -0.911303 0.044647 0.005308 0.998989 119.546337 
0.998826 -0.007760 -0.047807 -0.966718 0.007502 0.999956 -0.005576 -0.935209 0.047848 0.005211 0.998841 120.390535 
0.998676 -0.007790 -0.050849 -0.981539 0.007555 0.999960 -0.004811 -0.969024 0.050884 0.004420 0.998695 121.192470 
0.998517 -0.008346 -0.053791 -1.008950 0.008125 0.999958 -0.004321 -0.985396 0.053825 0.003878 0.998543 122.031290 
0.998429 -0.007755 -0.055495 -1.064792 0.007549 0.999964 -0.003907 -0.996963 0.055523 0.003482 0.998451 122.821203 
0.998295 -0.007870 -0.057838 -1.104028 0.007659 0.999963 -0.003878 -1.003538 0.057866 0.003428 0.998318 123.589401 
0.998184 -0.007983 -0.059710 -1.158162 0.007781 0.999963 -0.003607 -1.010711 0.059736 0.003136 0.998209 124.376418 
0.998085 -0.008009 -0.061329 -1.222902 0.007755 0.999960 -0.004381 -1.020585 0.061361 0.003897 0.998108 125.125518 
0.997927 -0.009221 -0.063698 -1.266565 0.008945 0.999949 -0.004622 -1.037519 0.063738 0.004042 0.997959 125.875758 
0.997794 -0.010207 -0.065600 -1.350088 0.009950 0.999941 -0.004243 -1.044975 0.065640 0.003581 0.997837 126.743961 
0.997747 -0.009491 -0.066416 -1.464709 0.009287 0.999951 -0.003374 -1.045220 0.066445 0.002750 0.997786 127.587123 
0.997541 -0.011224 -0.069180 -1.512978 0.011018 0.999934 -0.003357 -1.063183 0.069213 0.002587 0.997599 128.509925 
0.997467 -0.011327 -0.070228 -1.594452 0.011143 0.999933 -0.003009 -1.061259 0.070258 0.002219 0.997526 129.400505 
0.997442 -0.011996 -0.070464 -1.698375 0.011823 0.999926 -0.002877 -1.053740 0.070494 0.002037 0.997510 130.194854 
0.997444 -0.010775 -0.070638 -1.791518 0.010586 0.999939 -0.003054 -1.054566 0.070666 0.002298 0.997497 131.066102 
0.997410 -0.010431 -0.071160 -1.871250 0.010292 0.999944 -0.002326 -1.065931 0.071180 0.001587 0.997462 131.971015 
0.997483 -0.007927 -0.070466 -1.962839 0.007750 0.999966 -0.002786 -1.077301 0.070485 0.002232 0.997510 132.796442 
0.997519 -0.007989 -0.069939 -2.052057 0.007819 0.999966 -0.002708 -1.091535 0.069958 0.002155 0.997548 133.633067 
0.997632 -0.005418 -0.068565 -2.154655 0.005181 0.999980 -0.003629 -1.129260 0.068583 0.003265 0.997640 134.387774 
0.997619 -0.007989 -0.068501 -2.156535 0.007759 0.999963 -0.003622 -1.122578 0.068527 0.003082 0.997644 135.015271 
0.997654 -0.006573 -0.068142 -2.222024 0.006302 0.999971 -0.004187 -1.139955 0.068167 0.003748 0.997667 135.734597 
0.997609 -0.004134 -0.068989 -2.259224 0.003857 0.999984 -0.004144 -1.161551 0.069005 0.003868 0.997609 136.425634 
0.997551 -0.000819 -0.069939 -2.313136 0.000542 0.999992 -0.003974 -1.161039 0.069942 0.003927 0.997543 137.176780 
0.997543 -0.000728 -0.070059 -2.382261 0.000456 0.999992 -0.003897 -1.155157 0.070061 0.003856 0.997535 137.921740 
0.997608 -0.001202 -0.069120 -2.472545 0.000881 0.999989 -0.004664 -1.149208 0.069124 0.004592 0.997597 138.655300 
0.997654 0.000618 -0.068460 -2.551950 -0.000921 0.999990 -0.004389 -1.164632 0.068456 0.004442 0.997644 139.340582 
0.997656 0.002767 -0.068368 -2.607557 -0.003048 0.999987 -0.004006 -1.167098 0.068356 0.004205 0.997652 140.012352 
0.997729 0.003414 -0.067268 -2.701952 -0.003731 0.999983 -0.004582 -1.160569 0.067251 0.004823 0.997724 140.715653 
0.997722 0.002845 -0.067397 -2.777428 -0.003155 0.999985 -0.004482 -1.179705 0.067383 0.004684 0.997716 141.426470 
0.997779 0.002437 -0.066570 -2.842288 -0.002792 0.999982 -0.005248 -1.198693 0.066556 0.005422 0.997768 142.124018 
0.997830 0.003504 -0.065747 -2.906677 -0.003880 0.999977 -0.005591 -1.218175 0.065726 0.005834 0.997821 142.851739 
0.997830 0.001779 -0.065822 -2.966576 -0.002197 0.999978 -0.006270 -1.229977 0.065810 0.006401 0.997812 143.608780 
0.997865 0.000811 -0.065299 -3.048517 -0.001141 0.999987 -0.005016 -1.250820 0.065294 0.005080 0.997853 144.447025 
0.997866 0.003012 -0.065232 -3.125885 -0.003288 0.999986 -0.004124 -1.263262 0.065219 0.004330 0.997862 145.319459 
0.997871 0.004160 -0.065090 -3.175922 -0.004397 0.999984 -0.003502 -1.289888 0.065075 0.003781 0.997873 146.094576 
0.997896 0.004212 -0.064704 -3.241829 -0.004496 0.999981 -0.004240 -1.293609 0.064684 0.004522 0.997896 146.844273 
0.997920 0.005156 -0.064252 -3.295571 -0.005424 0.999977 -0.003994 -1.300403 0.064230 0.004334 0.997926 147.543362 
0.997890 0.006686 -0.064581 -3.352054 -0.006833 0.999975 -0.002055 -1.339372 0.064565 0.002492 0.997910 148.431478 
0.997888 0.007662 -0.064503 -3.404699 -0.007763 0.999969 -0.001314 -1.341290 0.064491 0.001812 0.997917 149.142934 
0.997879 0.010477 -0.064240 -3.468216 -0.010520 0.999945 -0.000318 -1.345846 0.064234 0.000993 0.997934 149.957112 
0.997902 0.010158 -0.063936 -3.525163 -0.010109 0.999948 0.001089 -1.362500 0.063944 -0.000440 0.997953 150.662236 
0.997900 0.011734 -0.063707 -3.588682 -0.011630 0.999930 0.001995 -1.367320 0.063725 -0.001249 0.997967 151.419500 
0.997840 0.011688 -0.064648 -3.624505 -0.011595 0.999931 0.001817 -1.388898 0.064665 -0.001064 0.997906 152.124616 
0.997799 0.013248 -0.064979 -3.663685 -0.013188 0.999912 0.001350 -1.396790 0.064991 -0.000490 0.997886 152.849238 
0.997744 0.013127 -0.065836 -3.717478 -0.013102 0.999914 0.000811 -1.395216 0.065841 0.000054 0.997830 153.620093 
0.997693 0.014280 -0.066366 -3.765825 -0.014327 0.999897 -0.000234 -1.395817 0.066356 0.001185 0.997795 154.378039 
0.997634 0.014364 -0.067233 -3.817285 -0.014458 0.999895 -0.000907 -1.403308 0.067213 0.001877 0.997737 155.103804 
0.997558 0.014783 -0.068255 -3.880173 -0.014952 0.999886 -0.001966 -1.404220 0.068219 0.002982 0.997666 155.861134 
0.997595 0.015467 -0.067569 -3.965082 -0.015682 0.999874 -0.002654 -1.406554 0.067520 0.003707 0.997711 156.544278 
0.997492 0.015717 -0.069012 -4.008138 -0.015863 0.999873 -0.001572 -1.421179 0.068978 0.002662 0.997615 157.226749 
0.997469 0.015603 -0.069368 -4.074768 -0.015658 0.999877 -0.000241 -1.433750 0.069356 0.001326 0.997591 157.887664 
0.997435 0.015833 -0.069811 -4.143489 -0.015822 0.999875 0.000716 -1.438513 0.069813 0.000390 0.997560 158.564048 
0.997437 0.016637 -0.069587 -4.225768 -0.016589 0.999862 0.001260 -1.451785 0.069598 -0.000102 0.997575 159.229762 
0.997464 0.017988 -0.068868 -4.307516 -0.017907 0.999838 0.001795 -1.454366 0.068890 -0.000557 0.997624 159.892167 
0.997446 0.018135 -0.069085 -4.378350 -0.018037 0.999835 0.002029 -1.459826 0.069111 -0.000777 0.997609 160.571063 
0.997411 0.019378 -0.069252 -4.441064 -0.019349 0.999812 0.001089 -1.462869 0.069260 0.000253 0.997599 161.224397 
0.997353 0.020222 -0.069837 -4.484516 -0.020240 0.999795 0.000458 -1.469028 0.069831 0.000957 0.997558 161.854593 
0.997295 0.019803 -0.070790 -4.515307 -0.019784 0.999804 0.000973 -1.485766 0.070795 0.000430 0.997491 162.479235 
0.997285 0.019212 -0.071093 -4.553686 -0.019162 0.999815 0.001376 -1.485168 0.071106 -0.000010 0.997469 163.082921 
0.997117 0.018692 -0.073538 -4.558629 -0.018492 0.999823 0.003403 -1.514187 0.073588 -0.002033 0.997287 163.699525 
0.997075 0.018826 -0.074070 -4.621579 -0.018570 0.999819 0.004144 -1.528429 0.074134 -0.002756 0.997244 164.387366 
0.997000 0.018251 -0.075215 -4.644232 -0.018018 0.999831 0.003778 -1.525022 0.075271 -0.002412 0.997160 164.968818 
0.996922 0.018282 -0.076239 -4.697158 -0.018036 0.999830 0.003910 -1.536881 0.076297 -0.002523 0.997082 165.637698 
0.996922 0.018012 -0.076301 -4.754153 -0.017724 0.999833 0.004457 -1.544771 0.076369 -0.003091 0.997075 166.272110 
0.996899 0.018326 -0.076524 -4.802345 -0.017963 0.999824 0.005433 -1.546331 0.076611 -0.004042 0.997053 166.907479 
0.996857 0.018626 -0.076995 -4.862367 -0.018218 0.999816 0.006002 -1.551576 0.077093 -0.004580 0.997013 167.576124 
0.996876 0.017564 -0.077011 -4.903115 -0.017163 0.999835 0.005868 -1.556758 0.077101 -0.004528 0.997013 168.170762 
0.996808 0.017143 -0.077969 -4.947108 -0.016727 0.999842 0.005981 -1.563432 0.078059 -0.004658 0.996938 168.794536 
0.996797 0.016877 -0.078174 -4.984891 -0.016466 0.999847 0.005898 -1.570834 0.078262 -0.004592 0.996922 169.404680 
0.996800 0.016561 -0.078203 -5.053626 -0.016190 0.999854 0.005381 -1.568240 0.078281 -0.004098 0.996923 170.053549 
0.996783 0.015893 -0.078561 -5.095859 -0.015591 0.999869 0.004451 -1.571529 0.078621 -0.003212 0.996899 170.652489 
0.996734 0.015311 -0.079294 -5.143439 -0.015050 0.999879 0.003888 -1.579363 0.079344 -0.002682 0.996844 171.262242 
0.996710 0.014680 -0.079711 -5.194345 -0.014484 0.999890 0.003036 -1.586168 0.079747 -0.001871 0.996813 171.874396 
0.996628 0.015292 -0.080611 -5.248548 -0.015140 0.999882 0.002491 -1.593321 0.080640 -0.001262 0.996743 172.490878 
0.996646 0.014311 -0.080577 -5.301161 -0.014176 0.999897 0.002245 -1.602661 0.080601 -0.001096 0.996746 173.095234 
0.996647 0.014356 -0.080556 -5.346578 -0.014216 0.999896 0.002305 -1.610919 0.080581 -0.001153 0.996747 173.689640 
0.996644 0.014574 -0.080547 -5.415402 -0.014409 0.999893 0.002623 -1.620117 0.080576 -0.001453 0.996747 174.314212 
0.996646 0.013931 -0.080643 -5.468131 -0.013775 0.999902 0.002487 -1.629013 0.080670 -0.001368 0.996740 174.924896 
0.996632 0.013048 -0.080960 -5.524066 -0.012835 0.999913 0.003153 -1.641104 0.080994 -0.002103 0.996712 175.527310 
0.996632 0.011748 -0.081153 -5.584644 -0.011535 0.999929 0.003093 -1.654480 0.081183 -0.002146 0.996697 176.145677 
0.996615 0.011178 -0.081445 -5.639391 -0.011022 0.999936 0.002368 -1.664160 0.081466 -0.001462 0.996675 176.752323 
0.996555 0.011472 -0.082140 -5.690749 -0.011389 0.999934 0.001480 -1.667792 0.082152 -0.000539 0.996620 177.364596 
0.996548 0.012166 -0.082125 -5.749993 -0.012101 0.999926 0.001288 -1.670007 0.082135 -0.000289 0.996621 177.970087 
0.996558 0.010505 -0.082229 -5.799182 -0.010465 0.999945 0.000919 -1.675230 0.082234 -0.000056 0.996613 178.558606 
0.996527 0.010221 -0.082646 -5.852954 -0.010178 0.999948 0.000937 -1.686548 0.082651 -0.000093 0.996579 179.158665 
0.996535 0.011162 -0.082427 -5.913410 -0.011051 0.999937 0.001798 -1.696741 0.082442 -0.000881 0.996595 179.761206 
0.996470 0.011685 -0.083132 -5.965144 -0.011531 0.999931 0.002335 -1.707911 0.083153 -0.001368 0.996536 180.354744 
0.996455 0.010907 -0.083414 -6.016729 -0.010770 0.999940 0.002082 -1.711117 0.083432 -0.001177 0.996513 180.929915 
0.996456 0.011833 -0.083284 -6.075367 -0.011648 0.999928 0.002705 -1.717020 0.083310 -0.001725 0.996522 181.519724 
0.996421 0.011310 -0.083774 -6.129094 -0.011135 0.999935 0.002549 -1.724994 0.083798 -0.001607 0.996481 182.108927 
0.996367 0.010084 -0.084565 -6.178533 -0.009874 0.999947 0.002901 -1.732251 0.084590 -0.002055 0.996414 182.683580 
0.996337 0.009561 -0.084983 -6.231773 -0.009345 0.999952 0.002944 -1.739861 0.085007 -0.002140 0.996378 183.261033 
0.996296 0.009086 -0.085505 -6.287524 -0.008885 0.999957 0.002731 -1.746647 0.085526 -0.001962 0.996334 183.834748 
0.996250 0.008774 -0.086079 -6.339445 -0.008574 0.999960 0.002700 -1.754031 0.086099 -0.001952 0.996285 184.402527 
0.996243 0.008328 -0.086202 -6.395752 -0.008140 0.999964 0.002531 -1.756581 0.086220 -0.001819 0.996274 184.970531 
0.996188 0.008857 -0.086786 -6.450687 -0.008718 0.999960 0.001988 -1.756013 0.086800 -0.001224 0.996225 185.529854 
0.996192 0.009742 -0.086635 -6.506070 -0.009611 0.999952 0.001930 -1.766597 0.086650 -0.001090 0.996238 186.084187 
0.996152 0.008011 -0.087272 -6.552292 -0.007833 0.999966 0.002384 -1.780156 0.087289 -0.001691 0.996182 186.631025 
0.996120 0.009334 -0.087512 -6.611421 -0.009147 0.999955 0.002544 -1.783062 0.087532 -0.001733 0.996160 187.187066 
0.996063 0.009842 -0.088095 -6.663400 -0.009676 0.999951 0.002307 -1.793547 0.088113 -0.001445 0.996109 187.739864 
0.996031 0.008410 -0.088613 -6.711949 -0.008266 0.999964 0.001993 -1.805207 0.088627 -0.001253 0.996064 188.287558 
0.995989 0.009165 -0.089004 -6.763312 -0.009011 0.999957 0.002137 -1.813220 0.089020 -0.001327 0.996029 188.837334 
0.995984 0.008811 -0.089100 -6.819795 -0.008692 0.999961 0.001727 -1.822125 0.089112 -0.000946 0.996021 189.388120 
0.995986 0.007604 -0.089181 -6.874262 -0.007516 0.999971 0.001321 -1.835496 0.089188 -0.000646 0.996015 189.937983 
0.995958 0.007400 -0.089511 -6.920806 -0.007333 0.999973 0.001070 -1.843883 0.089516 -0.000409 0.995985 190.483869 
0.995909 0.008153 -0.089996 -6.967801 -0.008145 0.999967 0.000459 -1.848561 0.089997 0.000276 0.995942 191.035384 
0.995888 0.010026 -0.090042 -7.019429 -0.010057 0.999949 0.000107 -1.845579 0.090038 0.000799 0.995938 191.588706 
0.995864 0.008740 -0.090435 -7.065542 -0.008729 0.999962 0.000513 -1.858272 0.090436 0.000279 0.995902 192.136151 
0.995826 0.009287 -0.090794 -7.111445 -0.009287 0.999957 0.000419 -1.866181 0.090794 0.000426 0.995870 192.687448 
0.995767 0.008299 -0.091538 -7.157490 -0.008270 0.999966 0.000704 -1.883413 0.091540 0.000056 0.995801 193.236912 
0.995736 0.006417 -0.092021 -7.216563 -0.006396 0.999979 0.000532 -1.897760 0.092022 0.000058 0.995757 193.795300 
0.995719 0.005774 -0.092254 -7.280964 -0.005745 0.999983 0.000579 -1.911479 0.092256 -0.000046 0.995735 194.351675 
0.995665 0.005565 -0.092841 -7.350383 -0.005608 0.999984 -0.000205 -1.910826 0.092838 0.000724 0.995681 194.914042 
0.995612 0.005285 -0.093432 -7.417694 -0.005350 0.999986 -0.000445 -1.918398 0.093428 0.000943 0.995626 195.478655 
0.995552 0.005086 -0.094076 -7.480191 -0.005180 0.999986 -0.000750 -1.922746 0.094071 0.001234 0.995565 196.046222 
0.995491 0.004329 -0.094755 -7.551143 -0.004385 0.999990 -0.000380 -1.933853 0.094752 0.000794 0.995501 196.625855 
0.995403 0.003439 -0.095708 -7.623705 -0.003450 0.999994 0.000050 -1.951663 0.095708 0.000280 0.995409 197.209890 
0.995333 0.002719 -0.096460 -7.682789 -0.002794 0.999996 -0.000636 -1.958728 0.096458 0.000903 0.995337 197.820445 
0.995288 0.002823 -0.096923 -7.765052 -0.002964 0.999995 -0.001309 -1.952235 0.096919 0.001590 0.995291 198.424839 
0.995222 0.003395 -0.097579 -7.831966 -0.003557 0.999993 -0.001486 -1.956213 0.097573 0.001826 0.995227 199.041977 
0.995161 0.003707 -0.098185 -7.903195 -0.003947 0.999990 -0.002256 -1.955121 0.098176 0.002632 0.995166 199.667496 
0.995100 0.003826 -0.098802 -7.967515 -0.004042 0.999990 -0.001984 -1.963762 0.098793 0.002374 0.995105 200.280879 
0.995071 0.005079 -0.099034 -8.036454 -0.005341 0.999983 -0.002373 -1.960810 0.099020 0.002890 0.995081 200.913032 
0.995027 0.005521 -0.099451 -8.102079 -0.005883 0.999977 -0.003350 -1.962406 0.099430 0.003918 0.995037 201.565087 
0.995031 0.005624 -0.099404 -8.179323 -0.005966 0.999977 -0.003142 -1.976613 0.099384 0.003720 0.995042 202.193575 
0.995049 0.006797 -0.099155 -8.258793 -0.007136 0.999970 -0.003069 -1.981991 0.099131 0.003761 0.995067 202.862319 
0.995092 0.006392 -0.098747 -8.336473 -0.006709 0.999973 -0.002882 -1.979506 0.098726 0.003531 0.995108 203.517153 
0.995126 0.006939 -0.098364 -8.416699 -0.007174 0.999972 -0.002039 -1.982684 0.098348 0.002734 0.995148 204.177567 
0.995164 0.007045 -0.097971 -8.507324 -0.007244 0.999972 -0.001680 -1.977304 0.097956 0.002381 0.995188 204.866426 
0.995205 0.007127 -0.097550 -8.587233 -0.007295 0.999972 -0.001363 -1.980388 0.097537 0.002068 0.995230 205.533897 
0.995246 0.007327 -0.097120 -8.675116 -0.007465 0.999972 -0.001065 -1.982708 0.097110 0.001785 0.995272 206.233357 
0.995285 0.006284 -0.096788 -8.766936 -0.006457 0.999978 -0.001467 -1.980966 0.096777 0.002085 0.995304 206.941911 
0.995352 0.005743 -0.096134 -8.857029 -0.005944 0.999981 -0.001805 -1.977866 0.096121 0.002368 0.995367 207.659363 
0.995393 0.006384 -0.095667 -8.941976 -0.006624 0.999976 -0.002189 -1.982620 0.095651 0.002813 0.995411 208.381525 
0.995402 0.006349 -0.095571 -9.039464 -0.006697 0.999972 -0.003319 -1.964016 0.095547 0.003943 0.995417 209.128709 
0.995438 0.006530 -0.095189 -9.121397 -0.006847 0.999972 -0.002998 -1.986814 0.095166 0.003636 0.995455 209.873603 
0.995429 0.006358 -0.095295 -9.188229 -0.006651 0.999974 -0.002753 -2.010955 0.095275 0.003375 0.995445 210.606585 
0.995426 0.006570 -0.095312 -9.264349 -0.006847 0.999973 -0.002580 -1.995914 0.095293 0.003220 0.995444 211.359816 
0.995409 0.006752 -0.095471 -9.344150 -0.006917 0.999975 -0.001391 -2.028625 0.095460 0.002045 0.995431 212.120465 
0.995400 0.005759 -0.095630 -9.437374 -0.005798 0.999983 -0.000133 -2.041629 0.095627 0.000687 0.995417 212.931030 
0.995363 0.006110 -0.096000 -9.525554 -0.006048 0.999981 0.000940 -2.065909 0.096004 -0.000355 0.995381 213.738134 
0.995347 0.005586 -0.096193 -9.619459 -0.005432 0.999984 0.001854 -2.069843 0.096201 -0.001323 0.995361 214.495692 
0.995280 0.005324 -0.096901 -9.696249 -0.005098 0.999984 0.002577 -2.075838 0.096913 -0.002071 0.995291 215.259371 
0.995199 0.006297 -0.097673 -9.767753 -0.006099 0.999979 0.002331 -2.079906 0.097686 -0.001724 0.995216 216.067306 
0.995142 0.005952 -0.098275 -9.846943 -0.005764 0.999981 0.002198 -2.086173 0.098286 -0.001621 0.995157 216.872459 
0.995110 0.006284 -0.098574 -9.934433 -0.006188 0.999980 0.001283 -2.090586 0.098580 -0.000667 0.995129 217.568462 
0.995033 0.006472 -0.099333 -10.023403 -0.006494 0.999979 0.000097 -2.092027 0.099331 0.000549 0.995054 218.327961 
0.994962 0.006330 -0.100052 -10.102297 -0.006352 0.999980 0.000099 -2.102491 0.100051 0.000537 0.994982 219.135380 
0.994894 0.005181 -0.100796 -10.195232 -0.005200 0.999986 0.000070 -2.115410 0.100795 0.000454 0.994907 219.933726 
0.994802 0.004126 -0.101742 -10.284030 -0.004036 0.999991 0.001095 -2.125743 0.101745 -0.000678 0.994810 220.760594 
0.994709 0.004432 -0.102636 -10.370117 -0.004420 0.999990 0.000338 -2.121491 0.102636 0.000118 0.994719 221.625887 
0.994559 0.004421 -0.104078 -10.444661 -0.004437 0.999990 0.000077 -2.134317 0.104077 0.000385 0.994569 222.521110 
0.994459 0.003277 -0.105071 -10.526929 -0.003366 0.999994 -0.000661 -2.141291 0.105069 0.001011 0.994464 223.385631 
0.994393 0.001868 -0.105728 -10.635077 -0.002050 0.999997 -0.001610 -2.137794 0.105724 0.001817 0.994394 224.208943 
0.994233 0.002447 -0.107215 -10.699821 -0.002654 0.999995 -0.001784 -2.142639 0.107210 0.002058 0.994234 225.067592 
0.994168 0.001117 -0.107837 -10.856854 -0.001305 0.999998 -0.001679 -2.129550 0.107835 0.001810 0.994167 225.972456 
0.994190 0.001497 -0.107629 -11.070021 -0.001717 0.999997 -0.001956 -2.130839 0.107626 0.002129 0.994189 226.809736 
0.993994 0.001805 -0.109421 -11.127373 -0.002128 0.999994 -0.002834 -2.110542 0.109416 0.003050 0.993991 227.736439 
0.993971 0.001708 -0.109631 -11.204812 -0.001943 0.999996 -0.002039 -2.104929 0.109627 0.002240 0.993970 228.384230 
0.993717 0.000739 -0.111918 -11.305840 -0.000898 0.999999 -0.001364 -2.089256 0.111917 0.001456 0.993717 229.379392 
0.993476 0.001430 -0.114028 -11.404183 -0.001488 0.999999 -0.000430 -2.095625 0.114027 0.000597 0.993477 230.331528 
0.993233 0.001055 -0.116135 -11.513183 -0.001090 0.999999 -0.000236 -2.094390 0.116134 0.000361 0.993233 231.333817 
0.993051 0.001626 -0.117678 -11.621160 -0.001636 0.999999 0.000013 -2.102815 0.117677 0.000179 0.993052 232.201673 
0.992793 0.000743 -0.119840 -11.736308 -0.000738 1.000000 0.000086 -2.093370 0.119840 0.000003 0.992793 233.179222 
0.992628 0.001403 -0.121196 -11.877015 -0.001355 0.999999 0.000481 -2.104531 0.121197 -0.000313 0.992628 234.077975 
0.992500 0.000749 -0.122246 -12.004125 -0.000754 1.000000 0.000003 -2.112961 0.122246 0.000089 0.992500 234.935687 
0.992345 -0.000351 -0.123496 -12.122185 0.000326 1.000000 -0.000227 -2.127898 0.123496 0.000185 0.992345 235.785632 
0.992150 -0.000437 -0.125056 -12.211452 0.000537 1.000000 0.000767 -2.136018 0.125056 -0.000828 0.992149 236.663717 
0.992065 0.000115 -0.125725 -12.343661 0.000065 0.999999 0.001427 -2.139096 0.125725 -0.001424 0.992064 237.556571 
0.991994 0.000086 -0.126283 -12.459710 0.000196 0.999998 0.002220 -2.153571 0.126283 -0.002227 0.991992 238.417707 
0.991874 -0.000244 -0.127224 -12.557038 0.000513 0.999998 0.002080 -2.157768 0.127223 -0.002128 0.991872 239.286684 
0.991803 -0.000468 -0.127779 -12.672538 0.000737 0.999998 0.002055 -2.171460 0.127777 -0.002132 0.991801 240.119077 
0.991747 -0.000561 -0.128206 -12.794493 0.000711 0.999999 0.001125 -2.197385 0.128205 -0.001207 0.991747 241.018269 
0.991682 -0.000945 -0.128712 -12.896229 0.000923 1.000000 -0.000230 -2.169765 0.128712 0.000109 0.991682 241.792548 
0.991676 -0.000328 -0.128759 -12.990282 0.000321 1.000000 -0.000080 -2.182066 0.128759 0.000038 0.991676 242.640438 
0.991776 -0.000556 -0.127984 -13.134434 0.000554 1.000000 -0.000048 -2.173641 0.127984 -0.000023 0.991776 243.504533 
0.991869 -0.001141 -0.127257 -13.290528 0.001010 0.999999 -0.001090 -2.187448 0.127258 0.000953 0.991869 244.416531 
0.991863 -0.001822 -0.127295 -13.392480 0.001423 0.999994 -0.003223 -2.205833 0.127300 0.003015 0.991860 245.318207 
0.991957 -0.002792 -0.126546 -13.505852 0.002373 0.999991 -0.003460 -2.233069 0.126555 0.003132 0.991955 246.131903 
0.991949 -0.003413 -0.126594 -13.604558 0.003357 0.999994 -0.000655 -2.238341 0.126596 0.000225 0.991954 247.139532 
0.992009 -0.002624 -0.126139 -13.667133 0.003038 0.999991 0.003091 -2.264097 0.126130 -0.003450 0.992008 248.035960 
0.992071 -0.004244 -0.125606 -13.755661 0.004720 0.999983 0.003490 -2.279020 0.125589 -0.004056 0.992074 248.956867 
0.992154 -0.005262 -0.124913 -13.859552 0.005603 0.999981 0.002376 -2.287318 0.124899 -0.003057 0.992165 249.907893 
0.992291 -0.006018 -0.123781 -14.011240 0.006109 0.999981 0.000350 -2.281934 0.123777 -0.001103 0.992309 250.940722 
0.992414 -0.005886 -0.122796 -14.125350 0.005869 0.999983 -0.000502 -2.306675 0.122797 -0.000223 0.992432 251.909183 
0.992496 -0.006326 -0.122110 -14.230542 0.006143 0.999979 -0.001876 -2.320119 0.122120 0.001112 0.992515 252.894941 
0.992512 -0.006899 -0.121952 -14.356546 0.006656 0.999975 -0.002395 -2.322972 0.121965 0.001565 0.992533 253.992417 
0.992634 -0.006423 -0.120982 -14.483799 0.006127 0.999977 -0.002821 -2.333079 0.120997 0.002059 0.992651 254.979373 
0.992700 -0.006492 -0.120431 -14.603999 0.006207 0.999977 -0.002739 -2.339906 0.120446 0.001972 0.992718 256.018488 
0.992843 -0.005785 -0.119286 -14.745314 0.005649 0.999983 -0.001486 -2.351422 0.119292 0.000801 0.992859 256.994036 
0.992899 -0.006383 -0.118792 -14.860550 0.006484 0.999979 0.000459 -2.373613 0.118787 -0.001226 0.992919 257.985037 
0.992729 -0.007369 -0.120147 -14.968200 0.007609 0.999970 0.001539 -2.408137 0.120132 -0.002442 0.992755 259.094781 
0.992644 -0.008113 -0.120796 -15.158396 0.008315 0.999965 0.001163 -2.414381 0.120783 -0.002159 0.992677 260.258590 
0.992577 -0.008488 -0.121325 -15.326256 0.008744 0.999961 0.001577 -2.444172 0.121307 -0.002626 0.992612 261.369651 
0.992483 -0.007386 -0.122156 -15.492315 0.007626 0.999970 0.001499 -2.436445 0.122141 -0.002420 0.992510 262.449153 
0.992366 -0.006502 -0.123152 -15.627830 0.006744 0.999976 0.001549 -2.441439 0.123139 -0.002368 0.992387 263.504313 
0.992170 -0.005551 -0.124771 -15.776465 0.005772 0.999982 0.001417 -2.442836 0.124761 -0.002126 0.992185 264.750106 
0.992118 -0.004272 -0.125238 -15.928741 0.004447 0.999989 0.001120 -2.447598 0.125231 -0.001668 0.992126 265.949467 
0.992057 -0.004387 -0.125710 -16.075811 0.004496 0.999990 0.000581 -2.447328 0.125706 -0.001142 0.992067 267.111277 
0.991966 -0.005493 -0.126386 -16.249977 0.005492 0.999985 -0.000353 -2.430722 0.126386 -0.000344 0.991981 268.321262 
0.991825 -0.006663 -0.127428 -16.404458 0.006754 0.999977 0.000284 -2.443408 0.127423 -0.001143 0.991848 269.527167 
0.991682 -0.007097 -0.128518 -16.559538 0.007355 0.999972 0.001538 -2.455885 0.128503 -0.002470 0.991706 270.740631 
0.991458 -0.007506 -0.130210 -16.688505 0.007745 0.999969 0.001335 -2.475156 0.130196 -0.002332 0.991485 271.914416 
0.991305 -0.007146 -0.131388 -16.856056 0.007253 0.999974 0.000332 -2.488933 0.131382 -0.001282 0.991331 273.141369 
0.991136 -0.007886 -0.132621 -17.013443 0.007886 0.999969 -0.000526 -2.496298 0.132621 -0.000524 0.991167 274.303153 
0.990893 -0.008537 -0.134379 -17.172465 0.008433 0.999964 -0.001345 -2.509646 0.134385 0.000200 0.990929 275.532990 
0.990695 -0.008264 -0.135847 -17.349838 0.008108 0.999966 -0.001703 -2.528081 0.135857 0.000586 0.990728 276.799939 
0.990418 -0.008812 -0.137823 -17.510231 0.008803 0.999961 -0.000672 -2.548389 0.137824 -0.000547 0.990457 278.030077 
0.990201 -0.008417 -0.139394 -17.680310 0.008610 0.999963 0.000784 -2.549580 0.139382 -0.001977 0.990237 279.245171 
0.989920 -0.009491 -0.141310 -17.874458 0.009826 0.999950 0.001673 -2.568644 0.141287 -0.003045 0.989964 280.600222 
0.989692 -0.010321 -0.142838 -18.098439 0.010586 0.999943 0.001094 -2.574334 0.142818 -0.002594 0.989746 282.009866 
0.989463 -0.010961 -0.144371 -18.297840 0.011097 0.999938 0.000138 -2.569739 0.144361 -0.001739 0.989524 283.317685 
0.989236 -0.010061 -0.145984 -18.500166 0.010219 0.999948 0.000330 -2.581320 0.145973 -0.001818 0.989287 284.667465 
0.989040 -0.009677 -0.147329 -18.722162 0.009797 0.999952 0.000092 -2.572498 0.147321 -0.001534 0.989088 286.053915 
0.988819 -0.008456 -0.148884 -18.947702 0.008393 0.999964 -0.001051 -2.580480 0.148887 -0.000210 0.988854 287.456950 
0.988530 -0.008683 -0.150777 -19.132330 0.008594 0.999962 -0.001245 -2.582671 0.150782 -0.000065 0.988567 288.771828 
0.988314 -0.008230 -0.152207 -19.345608 0.008198 0.999966 -0.000836 -2.606729 0.152209 -0.000421 0.988348 290.082270 
0.988058 -0.009130 -0.153809 -19.597697 0.009470 0.999954 0.001484 -2.661191 0.153789 -0.002922 0.988099 291.502282 
0.987747 -0.009548 -0.155771 -19.841893 0.010184 0.999943 0.003283 -2.678771 0.155730 -0.004829 0.987788 292.923840 
0.987457 -0.008349 -0.157665 -20.065986 0.009172 0.999948 0.004488 -2.681441 0.157619 -0.005878 0.987483 294.351405 
0.987251 -0.007872 -0.158975 -20.303474 0.008613 0.999955 0.003972 -2.672517 0.158936 -0.005291 0.987275 295.772369 
0.987098 -0.007306 -0.159952 -20.533304 0.007806 0.999966 0.002501 -2.679130 0.159928 -0.003717 0.987122 297.197598 
0.986975 -0.007626 -0.160695 -20.761908 0.007922 0.999968 0.001196 -2.679507 0.160681 -0.002453 0.987003 298.601708 
0.986876 -0.006177 -0.161362 -21.006454 0.006484 0.999978 0.001375 -2.684915 0.161350 -0.002403 0.986894 300.051168 
0.986847 -0.006712 -0.161516 -21.256352 0.007284 0.999969 0.002954 -2.711311 0.161491 -0.004092 0.986866 301.507764 
0.986836 -0.007568 -0.161549 -21.507068 0.008538 0.999949 0.005311 -2.757108 0.161501 -0.006620 0.986850 302.960337 
0.986700 -0.007834 -0.162361 -21.721107 0.008896 0.999944 0.005816 -2.764450 0.162306 -0.007183 0.986714 304.405712 
0.986710 -0.009007 -0.162241 -21.996568 0.010303 0.999921 0.007151 -2.789076 0.162164 -0.008727 0.986725 305.873489 
0.986590 -0.009456 -0.162941 -22.251497 0.010822 0.999913 0.007496 -2.782162 0.162856 -0.009159 0.986607 307.388084 
0.986490 -0.009617 -0.163539 -22.504053 0.010974 0.999912 0.007397 -2.783528 0.163453 -0.009092 0.986509 308.836355 
0.986338 -0.009475 -0.164464 -22.779968 0.010937 0.999908 0.007986 -2.770355 0.164374 -0.009676 0.986351 310.349307 
0.986244 -0.010648 -0.164951 -23.034933 0.012477 0.999872 0.010055 -2.777407 0.164823 -0.011975 0.986250 311.798646 
0.986268 -0.010134 -0.164843 -23.306149 0.011979 0.999876 0.010200 -2.768069 0.164720 -0.012034 0.986267 313.193467 
0.986108 -0.010340 -0.165784 -23.580183 0.012332 0.999864 0.010991 -2.779636 0.165647 -0.012883 0.986101 314.646443 
0.985982 -0.010288 -0.166532 -23.856910 0.012390 0.999856 0.011590 -2.787431 0.166389 -0.013491 0.985968 316.114687 
0.985821 -0.010634 -0.167463 -24.109579 0.012825 0.999846 0.012009 -2.796756 0.167309 -0.013986 0.985805 317.567691 
0.985606 -0.011545 -0.168664 -24.368505 0.013703 0.999838 0.011631 -2.799628 0.168503 -0.013775 0.985605 319.056643 
0.985458 -0.011798 -0.169507 -24.611253 0.013903 0.999840 0.011239 -2.828146 0.169347 -0.013433 0.985465 320.442987 
0.985270 -0.012334 -0.170558 -24.886112 0.014423 0.999835 0.011017 -2.820204 0.170394 -0.013315 0.985286 321.925733 
0.985029 -0.012839 -0.171908 -25.121921 0.015007 0.999823 0.011318 -2.833460 0.171732 -0.013729 0.985048 323.347047 
0.984878 -0.012302 -0.172811 -25.356278 0.014469 0.999832 0.011284 -2.837915 0.172643 -0.013614 0.984890 324.732764 
0.984592 -0.013007 -0.174383 -25.582976 0.015277 0.999815 0.011684 -2.850651 0.174198 -0.014168 0.984609 326.109311 
0.984299 -0.012605 -0.176056 -25.818988 0.014900 0.999820 0.011719 -2.868409 0.175877 -0.014158 0.984310 327.504570 
0.983999 -0.013675 -0.177649 -26.065405 0.016140 0.999792 0.012438 -2.896470 0.177442 -0.015106 0.984015 328.934388 
0.983732 -0.012863 -0.179183 -26.307913 0.015392 0.999800 0.012731 -2.901313 0.178983 -0.015282 0.983733 330.331774 
0.983576 -0.012750 -0.180044 -26.568974 0.015406 0.999792 0.013360 -2.909651 0.179836 -0.015914 0.983568 331.709639 
0.983364 -0.013323 -0.181157 -26.827467 0.016088 0.999775 0.013803 -2.910614 0.180932 -0.016488 0.983357 333.093731 
0.983090 -0.013904 -0.182597 -27.086090 0.016878 0.999749 0.014739 -2.927423 0.182346 -0.017572 0.983077 334.512276 
0.982873 -0.015092 -0.183665 -27.370483 0.018034 0.999734 0.014361 -2.908930 0.183399 -0.017427 0.982884 335.941416 
0.982679 -0.015459 -0.184672 -27.646663 0.018224 0.999746 0.013286 -2.891630 0.184420 -0.016421 0.982710 337.345133 
0.982565 -0.015894 -0.185237 -27.918585 0.018720 0.999733 0.013517 -2.908915 0.184973 -0.016749 0.982601 338.715789 
0.982257 -0.014360 -0.186991 -28.180848 0.017412 0.999741 0.014688 -2.910646 0.186732 -0.017683 0.982252 340.131822 
0.982251 -0.012999 -0.187122 -28.452535 0.016275 0.999740 0.015981 -2.897445 0.186866 -0.018743 0.982207 341.478188 
0.982106 -0.013174 -0.187866 -28.743003 0.016513 0.999732 0.016222 -2.914071 0.187601 -0.019034 0.982061 342.885948 
0.982116 -0.012774 -0.187845 -29.022556 0.015881 0.999761 0.015041 -2.907232 0.187608 -0.017755 0.982084 344.257537 
0.982001 -0.012287 -0.188473 -29.298379 0.015303 0.999777 0.014557 -2.921281 0.188252 -0.017179 0.981970 345.653754 
0.981926 -0.011583 -0.188911 -29.562368 0.014374 0.999807 0.013411 -2.916273 0.188719 -0.015884 0.981903 347.014444 
0.981827 -0.010528 -0.189486 -29.821701 0.013269 0.999825 0.013200 -2.918401 0.189314 -0.015474 0.981795 348.377762 
0.981755 -0.010231 -0.189873 -30.095659 0.012932 0.999832 0.012992 -2.913076 0.189709 -0.015210 0.981723 349.746932 
0.981690 -0.010388 -0.190201 -30.380300 0.013169 0.999824 0.013363 -2.916644 0.190029 -0.015623 0.981654 351.114032 
0.981654 -0.008638 -0.190477 -30.650646 0.011696 0.999820 0.014935 -2.914181 0.190314 -0.016889 0.981578 352.472143 
0.981630 -0.007633 -0.190640 -30.933485 0.011073 0.999794 0.016984 -2.921966 0.190471 -0.018783 0.981513 353.824161 
0.981510 -0.007575 -0.191258 -31.203376 0.011284 0.999769 0.018308 -2.924888 0.191075 -0.020128 0.981369 355.158097 
0.981322 -0.005919 -0.192282 -31.447589 0.009916 0.999754 0.019830 -2.967668 0.192117 -0.021367 0.981139 356.461575 
0.981164 -0.006110 -0.193078 -31.715886 0.009766 0.999790 0.017989 -2.969880 0.192927 -0.019536 0.981019 357.796561 
0.980880 -0.008697 -0.194418 -31.975934 0.012062 0.999797 0.016132 -2.951182 0.194238 -0.018168 0.980786 359.101468 
0.980785 -0.010231 -0.194822 -32.265027 0.013559 0.999784 0.015756 -2.928302 0.194618 -0.018095 0.980712 360.429610 
0.980475 -0.014356 -0.196120 -32.553279 0.017803 0.999716 0.015822 -2.935421 0.195838 -0.019004 0.980452 361.843432 
0.980339 -0.017206 -0.196567 -32.852591 0.020332 0.999697 0.013896 -2.910622 0.196269 -0.017620 0.980392 363.129098 
0.979975 -0.019467 -0.198168 -33.129633 0.022674 0.999646 0.013926 -2.906571 0.197827 -0.018140 0.980069 364.541173 
0.979765 -0.018256 -0.199319 -33.391925 0.021820 0.999639 0.015697 -2.885424 0.198961 -0.019729 0.979809 365.825167 
0.979774 -0.015958 -0.199469 -33.674192 0.019648 0.999670 0.016534 -2.867542 0.199139 -0.020119 0.979765 367.098509 
0.979815 -0.014775 -0.199362 -33.954093 0.018470 0.999690 0.016686 -2.852952 0.199053 -0.020032 0.979784 368.343784 
0.979674 -0.013107 -0.200166 -34.215631 0.017224 0.999674 0.018840 -2.868215 0.199854 -0.021905 0.979581 369.611604 
0.979471 -0.013094 -0.201158 -34.468272 0.017169 0.999681 0.018524 -2.871686 0.200851 -0.021597 0.979384 370.822137 
0.979293 -0.014856 -0.201903 -34.734155 0.018804 0.999667 0.017650 -2.878856 0.201574 -0.021081 0.979246 372.047902 
0.979064 -0.016244 -0.202903 -35.004277 0.020192 0.999645 0.017401 -2.876713 0.202549 -0.021134 0.979044 373.314851 
0.978734 -0.017017 -0.204426 -35.281292 0.021329 0.999594 0.018907 -2.879786 0.204021 -0.022865 0.978699 374.651290 
0.978335 -0.017206 -0.206312 -35.549896 0.021598 0.999585 0.019052 -2.876722 0.205899 -0.023095 0.978301 375.923478 
0.978122 -0.016870 -0.207347 -35.820367 0.021281 0.999592 0.019059 -2.868518 0.206941 -0.023055 0.978082 377.144468 
0.977799 -0.018336 -0.208742 -36.086249 0.022587 0.999583 0.018000 -2.861625 0.208325 -0.022316 0.977805 378.375121 
0.977610 -0.017301 -0.209714 -36.354211 0.021271 0.999634 0.016688 -2.852696 0.209349 -0.020775 0.977620 379.571992 
0.977443 -0.018074 -0.210424 -36.624673 0.021909 0.999633 0.015909 -2.846115 0.210059 -0.020160 0.977481 380.775552 
0.977223 -0.018173 -0.211434 -36.886873 0.022022 0.999632 0.015863 -2.844651 0.211067 -0.020158 0.977264 381.952638 
0.977041 -0.017897 -0.212298 -37.160434 0.021900 0.999624 0.016521 -2.843673 0.211922 -0.020791 0.977065 383.179030 
0.976906 -0.017602 -0.212945 -37.425862 0.021598 0.999631 0.016454 -2.831666 0.212577 -0.020673 0.976926 384.409906 
0.976811 -0.016503 -0.213468 -37.698085 0.020573 0.999646 0.016861 -2.829855 0.213114 -0.020862 0.976805 385.568333 
0.976735 -0.016349 -0.213825 -37.951504 0.020580 0.999634 0.017578 -2.832438 0.213460 -0.021569 0.976714 386.710930 
0.976655 -0.015148 -0.214278 -38.215206 0.019524 0.999641 0.018324 -2.833834 0.213924 -0.022080 0.976601 387.850990 
0.976528 -0.014226 -0.214921 -38.464922 0.018655 0.999653 0.018595 -2.836074 0.214582 -0.022168 0.976454 388.979481 
0.976497 -0.013741 -0.215093 -38.713313 0.018165 0.999662 0.018603 -2.839171 0.214765 -0.022073 0.976416 390.106292 
0.976536 -0.013936 -0.214902 -38.970647 0.018378 0.999657 0.018684 -2.849558 0.214568 -0.022195 0.976457 391.206210 
0.976542 -0.013490 -0.214903 -39.226729 0.017791 0.999678 0.018092 -2.838410 0.214590 -0.021491 0.976468 392.335768 
0.976530 -0.015608 -0.214817 -39.472164 0.019826 0.999650 0.017493 -2.814187 0.214469 -0.021342 0.976498 393.399481 
0.976328 -0.015968 -0.215706 -39.701117 0.020103 0.999654 0.016989 -2.814987 0.215360 -0.020923 0.976311 394.480878 
0.976293 -0.016451 -0.215827 -39.955356 0.020608 0.999643 0.017025 -2.804654 0.215470 -0.021070 0.976283 395.546537 
0.976319 -0.014997 -0.215814 -40.206809 0.019286 0.999656 0.017784 -2.801920 0.215473 -0.021525 0.976273 396.595990 
0.976160 -0.014209 -0.216588 -40.433033 0.018560 0.999665 0.018065 -2.805056 0.216258 -0.021654 0.976096 397.619266 
0.975947 -0.014051 -0.217556 -40.654024 0.018436 0.999665 0.018141 -2.811110 0.217229 -0.021716 0.975879 398.640665 
0.975553 -0.016979 -0.219107 -40.881642 0.021161 0.999636 0.016758 -2.786693 0.218743 -0.020985 0.975557 399.673492 
0.975476 -0.017043 -0.219444 -41.141115 0.021225 0.999635 0.016714 -2.789613 0.219079 -0.020962 0.975482 400.695895 
0.975104 -0.017622 -0.221045 -41.360396 0.021903 0.999617 0.016931 -2.799121 0.220662 -0.021351 0.975117 401.674537 
0.974882 -0.016759 -0.222090 -41.605026 0.020994 0.999640 0.016725 -2.791509 0.221730 -0.020968 0.974883 402.661390 
0.974591 -0.015485 -0.223457 -41.822782 0.019597 0.999677 0.016196 -2.778085 0.223134 -0.020164 0.974579 403.624469 
0.974219 -0.015255 -0.225089 -42.047304 0.019484 0.999673 0.016581 -2.776824 0.224762 -0.020539 0.974197 404.652507 
0.974124 -0.015256 -0.225499 -42.297014 0.019557 0.999667 0.016850 -2.780316 0.225167 -0.020824 0.974098 405.618363 
0.973882 -0.016155 -0.226479 -42.559363 0.020631 0.999636 0.017411 -2.791124 0.226115 -0.021629 0.973860 406.618672 
0.973632 -0.016266 -0.227545 -42.810808 0.020578 0.999651 0.016591 -2.776114 0.227196 -0.020836 0.973626 407.622138 
0.973416 -0.015010 -0.228551 -43.056812 0.019468 0.999661 0.017266 -2.781134 0.228214 -0.021257 0.973379 408.600941 
0.973143 -0.015416 -0.229686 -43.278931 0.020080 0.999637 0.017986 -2.777988 0.229326 -0.022115 0.973099 409.545058 
0.972947 -0.015361 -0.230516 -43.520076 0.020143 0.999628 0.018404 -2.770872 0.230147 -0.022550 0.972895 410.498696 
0.972801 -0.014975 -0.231160 -43.761503 0.019863 0.999625 0.018835 -2.766627 0.230791 -0.022914 0.972733 411.437332 
0.972555 -0.015344 -0.232167 -43.952124 0.020310 0.999613 0.019016 -2.771680 0.231785 -0.023209 0.972490 412.313566 
0.972332 -0.015556 -0.233086 -44.195285 0.020346 0.999628 0.018163 -2.746549 0.232717 -0.022403 0.972286 413.231804 
0.972171 -0.015328 -0.233770 -44.439757 0.019807 0.999662 0.016826 -2.735311 0.233433 -0.020988 0.972146 414.202776 
0.972006 -0.015501 -0.234443 -44.666694 0.019863 0.999671 0.016257 -2.733822 0.234113 -0.020459 0.971994 415.090038 
0.971953 -0.015221 -0.234681 -44.923190 0.019571 0.999677 0.016216 -2.727865 0.234358 -0.020355 0.971937 416.049201 
0.971802 -0.014753 -0.235337 -45.153901 0.019353 0.999664 0.017250 -2.737544 0.235004 -0.021318 0.971761 416.978144 
0.971638 -0.013491 -0.236088 -45.364588 0.017923 0.999701 0.016636 -2.722686 0.235793 -0.020396 0.971589 417.876096 
0.971612 -0.012609 -0.236242 -45.605372 0.017069 0.999712 0.016841 -2.725535 0.235962 -0.020395 0.971548 418.783695 
0.971603 -0.011670 -0.236329 -45.846566 0.016072 0.999731 0.016708 -2.734703 0.236071 -0.020032 0.971529 419.699380 
0.971634 -0.009941 -0.236281 -46.067352 0.014267 0.999760 0.016604 -2.744190 0.236059 -0.019504 0.971543 420.614507 
0.971607 -0.008587 -0.236444 -46.283023 0.012864 0.999780 0.016551 -2.745746 0.236250 -0.019123 0.971504 421.499288 
0.971721 -0.009117 -0.235958 -46.539738 0.013653 0.999752 0.017596 -2.737865 0.235739 -0.020320 0.971604 422.421976 
0.971886 -0.007642 -0.235330 -46.775813 0.012394 0.999748 0.018720 -2.726964 0.235127 -0.021110 0.971735 423.282848 
0.971962 -0.007349 -0.235024 -47.015244 0.012167 0.999744 0.019055 -2.709542 0.234824 -0.021381 0.971803 424.172046 
0.972046 -0.005922 -0.234717 -47.249403 0.010796 0.999752 0.019486 -2.705310 0.234543 -0.021475 0.971868 425.056382 
0.972079 -0.004850 -0.234604 -47.443068 0.009638 0.999768 0.019270 -2.704632 0.234456 -0.020993 0.971900 425.910188 
0.972087 -0.003597 -0.234593 -47.669617 0.008119 0.999799 0.018314 -2.695228 0.234480 -0.019707 0.971921 426.803485 
0.972204 -0.003674 -0.234105 -47.919484 0.007698 0.999838 0.016278 -2.680332 0.234007 -0.017628 0.972075 427.703678 
0.972280 -0.003685 -0.233792 -48.129077 0.007383 0.999861 0.014942 -2.670144 0.233704 -0.016254 0.972172 428.495830 
0.972357 -0.003299 -0.233478 -48.320680 0.006888 0.999870 0.014555 -2.675706 0.233399 -0.015761 0.972253 429.272224 
0.972476 -0.003169 -0.232982 -48.552827 0.006778 0.999869 0.014690 -2.658883 0.232905 -0.015865 0.972370 430.124679 
0.972406 -0.002356 -0.233284 -48.740151 0.006086 0.999865 0.015272 -2.666390 0.233216 -0.016271 0.972289 430.947762 
0.972371 -0.002367 -0.233428 -48.916597 0.006096 0.999865 0.015253 -2.669643 0.233361 -0.016254 0.972254 431.734285 
0.972371 -0.002363 -0.233430 -49.153841 0.005807 0.999884 0.014070 -2.646861 0.233369 -0.015037 0.972272 432.581746 
0.972256 -0.001816 -0.233914 -49.340374 0.005161 0.999893 0.013689 -2.644982 0.233864 -0.014516 0.972161 433.373360 
0.972174 -0.001495 -0.234255 -49.540987 0.005058 0.999880 0.014610 -2.644569 0.234206 -0.015388 0.972065 434.167988 
0.972110 -0.001347 -0.234520 -49.788858 0.005004 0.999875 0.015002 -2.635979 0.234470 -0.015757 0.971996 435.067405 
0.971857 -0.000582 -0.235572 -49.964265 0.004192 0.999881 0.014826 -2.647176 0.235535 -0.015396 0.971744 435.907329 
0.971650 -0.001610 -0.236419 -50.172072 0.005350 0.999870 0.015179 -2.661819 0.236363 -0.016014 0.971533 436.805996 
0.971328 -0.001386 -0.237741 -50.416536 0.005155 0.999871 0.015232 -2.648481 0.237689 -0.016020 0.971209 437.765350 
0.971251 -0.001394 -0.238054 -50.618593 0.005414 0.999854 0.016232 -2.643100 0.237997 -0.017054 0.971116 438.589762 
0.970999 -0.002647 -0.239068 -50.885235 0.006712 0.999846 0.016193 -2.634856 0.238988 -0.017328 0.970868 439.554688 
0.971116 -0.001837 -0.238602 -51.080367 0.005742 0.999861 0.015671 -2.610159 0.238540 -0.016588 0.970991 440.341434 
0.970957 -0.001506 -0.239248 -51.289935 0.005478 0.999858 0.015938 -2.631116 0.239190 -0.016785 0.970828 441.199705 
0.971022 -0.002264 -0.238978 -51.502146 0.006332 0.999848 0.016258 -2.632725 0.238905 -0.017300 0.970889 442.032534 
0.971102 -0.003136 -0.238644 -51.720119 0.007524 0.999819 0.017477 -2.643990 0.238546 -0.018768 0.970950 442.872122 
0.971207 -0.003250 -0.238216 -51.934847 0.007743 0.999809 0.017926 -2.648172 0.238113 -0.019254 0.971047 443.730820 
0.971240 -0.004502 -0.238059 -52.133645 0.009013 0.999800 0.017863 -2.650808 0.237931 -0.019495 0.971086 444.575968 
0.971379 -0.006858 -0.237437 -52.357784 0.011261 0.999789 0.017193 -2.643266 0.237269 -0.019375 0.971251 445.424923 
0.971634 -0.008367 -0.236343 -52.554821 0.012542 0.999791 0.016163 -2.644332 0.236158 -0.018669 0.971535 446.228765 
0.971894 -0.009223 -0.235239 -52.751885 0.013343 0.999784 0.015929 -2.643270 0.235041 -0.018620 0.971807 447.068305 
0.972354 -0.011220 -0.233241 -52.943985 0.015313 0.999759 0.015745 -2.648851 0.233008 -0.018882 0.972291 447.889031 
0.972794 -0.011920 -0.231366 -53.111467 0.015896 0.999756 0.015326 -2.653505 0.231127 -0.018587 0.972746 448.682088 
0.973356 -0.013623 -0.228894 -53.305191 0.017404 0.999743 0.014508 -2.647179 0.228638 -0.018105 0.973343 449.512662 
0.973996 -0.015965 -0.226000 -53.539201 0.019725 0.999702 0.014388 -2.647749 0.225703 -0.018472 0.974021 450.368364 
0.974517 -0.019533 -0.223461 -53.714454 0.023089 0.999645 0.013309 -2.636909 0.223122 -0.018130 0.974622 451.211450 
0.974781 -0.025513 -0.221699 -53.947927 0.029200 0.999484 0.013372 -2.621007 0.221244 -0.019509 0.975023 452.140383 
0.975420 -0.026622 -0.218740 -54.155257 0.030324 0.999448 0.013586 -2.612392 0.218258 -0.019886 0.975689 453.035602 
0.976013 -0.029456 -0.215712 -54.347145 0.033272 0.999347 0.014075 -2.606471 0.215156 -0.020914 0.976356 453.912398 
0.976521 -0.032391 -0.212974 -54.522152 0.036087 0.999258 0.013489 -2.599781 0.212379 -0.020857 0.976965 454.779764 
0.976959 -0.035154 -0.210513 -54.707072 0.038687 0.999171 0.012688 -2.595935 0.209892 -0.020540 0.977509 455.686327 
0.977492 -0.038046 -0.207515 -54.900509 0.041630 0.999049 0.012933 -2.579503 0.206825 -0.021280 0.978146 456.607413 
0.978086 -0.038537 -0.204603 -55.113317 0.042348 0.999001 0.014278 -2.580588 0.203848 -0.022630 0.978741 457.556475 
0.978693 -0.039827 -0.201430 -55.308515 0.043573 0.998949 0.014194 -2.575983 0.200653 -0.022668 0.979400 458.487228 
0.979253 -0.041223 -0.198407 -55.502926 0.044596 0.998926 0.012558 -2.568865 0.197676 -0.021145 0.980039 459.424630 
0.979944 -0.043025 -0.194575 -55.689926 0.045974 0.998886 0.010664 -2.551666 0.193899 -0.019396 0.980830 460.378247 
0.980387 -0.046170 -0.191597 -55.864043 0.048895 0.998759 0.009513 -2.529149 0.190920 -0.018695 0.981427 461.322764 
0.980982 -0.048082 -0.188048 -56.040015 0.050759 0.998666 0.009446 -2.520696 0.187343 -0.018811 0.982114 462.291414 
0.981735 -0.049819 -0.183612 -56.250744 0.052586 0.998564 0.010227 -2.528052 0.182839 -0.019696 0.982946 463.316205 
0.982547 -0.052027 -0.178588 -56.453372 0.054854 0.998435 0.010927 -2.536084 0.177740 -0.020533 0.983863 464.348823 
0.983189 -0.055423 -0.173976 -56.621264 0.058401 0.998221 0.012042 -2.540116 0.172999 -0.022000 0.984676 465.380055 
0.983967 -0.057261 -0.168906 -56.816732 0.060290 0.998098 0.012857 -2.540959 0.167848 -0.022834 0.985548 466.435884 
0.984671 -0.061471 -0.163230 -57.055720 0.064519 0.997826 0.013432 -2.521173 0.162050 -0.023758 0.986497 467.555101 
0.985408 -0.063921 -0.157749 -57.236009 0.067036 0.997645 0.014499 -2.511410 0.156450 -0.024862 0.987373 468.619910 
0.986158 -0.066592 -0.151851 -57.385438 0.069586 0.997471 0.014485 -2.478929 0.150502 -0.024851 0.988297 469.604213 
0.986919 -0.068713 -0.145840 -57.538843 0.071647 0.997318 0.014959 -2.474318 0.144421 -0.025212 0.989195 470.659897 
0.987934 -0.069575 -0.138367 -57.716304 0.072449 0.997246 0.015841 -2.471981 0.136884 -0.025674 0.990254 471.737018 
0.989124 -0.070314 -0.129192 -57.961458 0.073145 0.997171 0.017296 -2.457080 0.127610 -0.026558 0.991469 472.865375 
0.990201 -0.070258 -0.120689 -58.090300 0.072970 0.997168 0.018200 -2.464533 0.119069 -0.026829 0.992524 473.869447 
0.991285 -0.070493 -0.111285 -58.259395 0.072821 0.997200 0.016987 -2.448754 0.109776 -0.024943 0.993643 475.009384 
0.992295 -0.069237 -0.102742 -58.322895 0.071344 0.997307 0.016968 -2.447481 0.101291 -0.024167 0.994563 475.986690 
0.993326 -0.068406 -0.092863 -58.463014 0.070382 0.997355 0.018164 -2.434451 0.091375 -0.024579 0.995513 477.143464 
0.994194 -0.067974 -0.083413 -58.515007 0.069708 0.997404 0.018046 -2.423573 0.081969 -0.023756 0.996352 478.201197 
0.994873 -0.069774 -0.073210 -58.601717 0.071254 0.997299 0.017798 -2.417064 0.071770 -0.022924 0.997158 479.421325 
0.995336 -0.073089 -0.062964 -58.684467 0.074293 0.997092 0.016995 -2.400849 0.061539 -0.021593 0.997871 480.610006 
0.995679 -0.076258 -0.052999 -58.751005 0.077317 0.996840 0.018230 -2.390289 0.051442 -0.022249 0.998428 481.791731 
0.995866 -0.079783 -0.043414 -58.769520 0.080662 0.996563 0.018887 -2.361649 0.041758 -0.022310 0.998879 482.964460 
0.995866 -0.084990 -0.032062 -58.857627 0.085608 0.996158 0.018439 -2.338958 0.030371 -0.021108 0.999316 484.222036 
0.996008 -0.086679 -0.021339 -58.898110 0.087097 0.996009 0.019515 -2.315772 0.019562 -0.021296 0.999582 485.497516 
0.996003 -0.088791 -0.009715 -58.950873 0.088985 0.995793 0.021855 -2.297074 0.007734 -0.022632 0.999714 486.761371 
0.995832 -0.091205 0.001001 -58.956244 0.091157 0.995564 0.023305 -2.278145 -0.003122 -0.023116 0.999728 488.093456 
0.995670 -0.092117 0.012484 -58.932456 0.091868 0.995586 0.019189 -2.252118 -0.014196 -0.017959 0.999738 489.396872 
0.995286 -0.093641 0.025222 -58.906481 0.093144 0.995447 0.020229 -2.227382 -0.027001 -0.017785 0.999477 490.764637 
0.994606 -0.096590 0.037817 -58.874317 0.095790 0.995149 0.022421 -2.193398 -0.039799 -0.018677 0.999033 492.146387 
0.993823 -0.099025 0.050090 -58.772854 0.097759 0.994840 0.027130 -2.188976 -0.052518 -0.022065 0.998376 493.497826 
0.992943 -0.100330 0.063233 -58.681607 0.098643 0.994692 0.029267 -2.174880 -0.065833 -0.022823 0.997570 494.892811 
0.991986 -0.099913 0.077343 -58.590628 0.097581 0.994668 0.033383 -2.178856 -0.080265 -0.025568 0.996446 496.324019 
0.990687 -0.101560 0.090688 -58.471075 0.098683 0.994479 0.035677 -2.119402 -0.093811 -0.026396 0.995240 497.756449 
0.988856 -0.104038 0.106487 -58.412769 0.100512 0.994211 0.037973 -2.061385 -0.109821 -0.026846 0.993589 499.294985 
0.987212 -0.103802 0.120987 -58.264055 0.099716 0.994237 0.039367 -2.042132 -0.124376 -0.026799 0.991873 500.729778 
0.985255 -0.103800 0.136007 -58.093802 0.099373 0.994287 0.038959 -1.995609 -0.139274 -0.024870 0.989942 502.187129 
0.983139 -0.103639 0.150656 -57.891283 0.098831 0.994337 0.039079 -1.950916 -0.153853 -0.023531 0.987814 503.627920 
0.980809 -0.101849 0.166255 -57.688456 0.096346 0.994509 0.040854 -1.945270 -0.169503 -0.024052 0.985236 505.111029 
0.978217 -0.101554 0.181048 -57.429772 0.095400 0.994536 0.042402 -1.904241 -0.184365 -0.024206 0.982560 506.535523 
0.975291 -0.101917 0.196010 -57.150243 0.095170 0.994507 0.043563 -1.855175 -0.199373 -0.023833 0.979634 507.968072 
0.971893 -0.103309 0.211544 -56.884212 0.095868 0.994369 0.045163 -1.811401 -0.215019 -0.023614 0.976324 509.449971 
0.968438 -0.102903 0.227020 -56.583520 0.094891 0.994426 0.045957 -1.759936 -0.230484 -0.022964 0.972805 510.907355 
0.964972 -0.102716 0.241410 -56.228954 0.094089 0.994452 0.047027 -1.731170 -0.244901 -0.022665 0.969283 512.308216 
0.960699 -0.103784 0.257461 -55.907451 0.094984 0.994396 0.046422 -1.677379 -0.260836 -0.020143 0.965173 513.755114 
0.956523 -0.104993 0.272103 -55.538575 0.095896 0.994302 0.046557 -1.621791 -0.275441 -0.018440 0.961141 515.179171 
0.952058 -0.107511 0.286404 -55.155564 0.098061 0.994061 0.047181 -1.579285 -0.289776 -0.016834 0.956947 516.646593 
0.948071 -0.107389 0.299382 -54.719716 0.097722 0.994097 0.047125 -1.519403 -0.302676 -0.015421 0.952969 518.036429 
0.943722 -0.108168 0.312550 -54.282814 0.098073 0.994026 0.047889 -1.475064 -0.315863 -0.014541 0.948693 519.462301 
0.939749 -0.105148 0.325295 -53.817987 0.094256 0.994336 0.049110 -1.437600 -0.328616 -0.015490 0.944337 520.882140 
0.934939 -0.107035 0.338279 -53.345774 0.096142 0.994168 0.048846 -1.350041 -0.341535 -0.013145 0.939777 522.318973 
0.930296 -0.107976 0.350558 -52.827890 0.096624 0.994076 0.049769 -1.283194 -0.353855 -0.012428 0.935218 523.733680 
0.925813 -0.109014 0.361921 -52.272392 0.096907 0.993960 0.051498 -1.223689 -0.365349 -0.012605 0.930785 525.088098 
0.920932 -0.112304 0.373192 -51.722402 0.099735 0.993607 0.052888 -1.143419 -0.376746 -0.011486 0.926245 526.400520 
0.915876 -0.114149 0.384890 -51.150811 0.101340 0.993414 0.053475 -1.061904 -0.388459 -0.009972 0.921412 527.745724 
0.910862 -0.112905 0.396968 -50.577700 0.099191 0.993548 0.054983 -1.018344 -0.400615 -0.010706 0.916184 529.106327 
0.905719 -0.112790 0.408596 -49.983539 0.098638 0.993568 0.055620 -0.961435 -0.412241 -0.010073 0.911019 530.431024 
0.900062 -0.113052 0.420842 -49.376570 0.098567 0.993548 0.056094 -0.879514 -0.424469 -0.009007 0.905398 531.776402 
0.894640 -0.111897 0.432548 -48.747730 0.096437 0.993671 0.057594 -0.822415 -0.436255 -0.009812 0.899769 533.104369 
0.889190 -0.108624 0.444456 -48.096233 0.092682 0.994033 0.057518 -0.764013 -0.448052 -0.009951 0.893952 534.430228 
0.883124 -0.106874 0.456805 -47.437182 0.090324 0.994223 0.057989 -0.694537 -0.460363 -0.009951 0.887675 535.750076 
0.877056 -0.105055 0.468761 -46.753964 0.087684 0.994411 0.058802 -0.637674 -0.472319 -0.010469 0.881366 537.100092 
0.870889 -0.105751 0.479968 -46.054229 0.088042 0.994348 0.059334 -0.558271 -0.483530 -0.009417 0.875277 538.466556 
0.865213 -0.105849 0.490104 -45.352802 0.086980 0.994329 0.061195 -0.492586 -0.493802 -0.010317 0.869513 539.735204 
0.859789 -0.106244 0.499475 -44.639473 0.085341 0.994256 0.064583 -0.418125 -0.503468 -0.012902 0.863918 541.024959 
0.854656 -0.105422 0.508379 -43.919293 0.083193 0.994323 0.066333 -0.346646 -0.512486 -0.014398 0.858575 542.329136 
0.850967 -0.104760 0.514666 -43.159524 0.081710 0.994381 0.067304 -0.266271 -0.518824 -0.015220 0.854745 543.572715 
0.847837 -0.103524 0.520053 -42.387165 0.080363 0.994514 0.066958 -0.188646 -0.524132 -0.014976 0.851505 544.832423 
0.845770 -0.103075 0.523497 -41.592022 0.079521 0.994555 0.067350 -0.098054 -0.527589 -0.015334 0.849361 546.078579 
0.843174 -0.102088 0.527859 -40.823390 0.078917 0.994673 0.066313 -0.005173 -0.531817 -0.014257 0.846739 547.342389 
0.840748 -0.099333 0.532236 -40.060856 0.077135 0.994974 0.063850 0.083001 -0.535904 -0.012628 0.844185 548.579366 
0.838582 -0.099146 0.535678 -39.295516 0.076792 0.994995 0.063944 0.153139 -0.539336 -0.012487 0.841998 549.827184 
0.837223 -0.098107 0.537989 -38.538304 0.075325 0.995088 0.064240 0.223548 -0.541649 -0.013259 0.840500 551.028319 
0.836171 -0.097204 0.539787 -37.761822 0.075122 0.995192 0.062843 0.284104 -0.543301 -0.011998 0.839453 552.248449 
0.835363 -0.096842 0.541101 -36.987378 0.075890 0.995251 0.060962 0.383353 -0.544435 -0.009861 0.838745 553.474082 
0.834673 -0.095770 0.542355 -36.193366 0.073864 0.995334 0.062082 0.442040 -0.545770 -0.011757 0.837853 554.727514 
0.834438 -0.093567 0.543100 -35.435475 0.070238 0.995501 0.063593 0.501365 -0.546607 -0.014918 0.837256 555.920952 
0.834004 -0.092338 0.543977 -34.674681 0.067972 0.995582 0.064784 0.573923 -0.547556 -0.017055 0.836595 557.181974 
0.834050 -0.089715 0.544346 -33.933728 0.063817 0.995755 0.066332 0.623545 -0.547986 -0.020586 0.836234 558.332915 
0.834893 -0.089373 0.543107 -33.132959 0.063212 0.995769 0.066690 0.702082 -0.546770 -0.021348 0.837011 559.484975 
0.835333 -0.087587 0.542722 -32.382682 0.061296 0.995910 0.066380 0.779100 -0.546316 -0.022182 0.837285 560.691601 
0.836259 -0.086097 0.541533 -31.613841 0.059488 0.996012 0.066489 0.839320 -0.545098 -0.023387 0.838046 561.905344 
0.838193 -0.083479 0.538946 -30.828778 0.057071 0.996216 0.065549 0.911659 -0.542379 -0.024184 0.839786 563.078620 
0.840378 -0.080861 0.535935 -30.046956 0.053947 0.996377 0.065740 0.965866 -0.539310 -0.026334 0.841696 564.287746 
0.842343 -0.080855 0.532843 -29.286897 0.054391 0.996388 0.065211 1.060853 -0.536191 -0.025948 0.843698 565.515817 
0.845561 -0.081232 0.527663 -28.510203 0.054631 0.996334 0.065838 1.127489 -0.531077 -0.026843 0.846898 566.713694 
0.849094 -0.080609 0.522056 -27.750996 0.053700 0.996340 0.066503 1.196825 -0.525506 -0.028433 0.850315 567.907985 
0.852965 -0.080624 0.515704 -26.995317 0.054288 0.996343 0.065974 1.276826 -0.519137 -0.028277 0.854223 569.141249 
0.857233 -0.077707 0.509032 -26.270614 0.052869 0.996606 0.063104 1.353765 -0.512208 -0.027182 0.858431 570.333710 
0.861916 -0.075970 0.501328 -25.548071 0.051152 0.996696 0.063094 1.429781 -0.504465 -0.028738 0.862954 571.540292 
0.866576 -0.076219 0.493190 -24.833558 0.050883 0.996612 0.064614 1.508617 -0.496444 -0.030898 0.867519 572.776237 
0.871375 -0.076831 0.484565 -24.119249 0.051078 0.996502 0.066150 1.581628 -0.487952 -0.032891 0.872250 574.041333 
0.876411 -0.074468 0.475772 -23.428133 0.049772 0.996687 0.064318 1.670590 -0.478985 -0.032689 0.877214 575.263280 
0.881490 -0.070781 0.466868 -22.745742 0.047157 0.996955 0.062109 1.744462 -0.469842 -0.032732 0.882143 576.533950 
0.886575 -0.066782 0.457739 -22.076685 0.043564 0.997180 0.061106 1.809570 -0.460529 -0.034234 0.886984 577.807367 
0.891512 -0.062734 0.448632 -21.463810 0.039618 0.997367 0.060736 1.881050 -0.451261 -0.036373 0.891650 579.043950 
0.896776 -0.059234 0.438502 -20.845949 0.036391 0.997515 0.060326 1.939910 -0.440986 -0.038142 0.896703 580.306948 
0.902049 -0.055830 0.428009 -20.253933 0.033325 0.997648 0.059900 2.018133 -0.430346 -0.039769 0.901787 581.536056 
0.907290 -0.054839 0.416913 -19.681194 0.032934 0.997681 0.059561 2.062935 -0.419213 -0.040309 0.906993 582.777923 
0.912545 -0.054138 0.405378 -19.133925 0.032794 0.997694 0.059419 2.131189 -0.407660 -0.040928 0.912216 584.057596 
0.918324 -0.053216 0.392237 -18.562326 0.032684 0.997732 0.058843 2.181537 -0.394479 -0.041217 0.917980 585.337606 
0.924056 -0.052192 0.378678 -17.998188 0.032697 0.997796 0.057736 2.231065 -0.380857 -0.040970 0.923726 586.657949 
0.929507 -0.049701 0.365439 -17.484928 0.030614 0.997856 0.057844 2.295974 -0.367530 -0.042578 0.929036 587.978383 
0.934936 -0.048684 0.351462 -16.961005 0.030220 0.997869 0.057834 2.353215 -0.353528 -0.043450 0.934414 589.335668 
0.940161 -0.047092 0.337460 -16.481251 0.029725 0.997963 0.056451 2.400854 -0.339431 -0.043042 0.939646 590.661504 
0.945144 -0.044914 0.323552 -16.015165 0.028142 0.998015 0.056334 2.461380 -0.325440 -0.044138 0.944532 592.039065 
0.949896 -0.041985 0.309732 -15.567839 0.025846 0.998095 0.056026 2.541443 -0.311495 -0.045214 0.949172 593.409640 
0.954605 -0.038138 0.295423 -15.118817 0.022918 0.998234 0.054813 2.606027 -0.296992 -0.045554 0.953793 594.777768 
0.958959 -0.034962 0.281380 -14.710257 0.020782 0.998366 0.053221 2.668543 -0.282781 -0.045189 0.958119 596.161523 
0.963039 -0.033380 0.267287 -14.332806 0.020162 0.998441 0.052048 2.715639 -0.268608 -0.044735 0.962210 597.512468 
0.967025 -0.030524 0.252845 -13.964981 0.018201 0.998536 0.050934 2.772658 -0.254030 -0.044652 0.966165 598.874489 
0.970621 -0.029306 0.238820 -13.652723 0.017934 0.998606 0.049652 2.842802 -0.239942 -0.043910 0.969794 600.258589 
0.974222 -0.028964 0.223725 -13.327082 0.018867 0.998710 0.047139 2.902367 -0.224802 -0.041703 0.973512 601.656938 
0.977749 -0.030270 0.207583 -13.023703 0.021555 0.998794 0.044117 2.919341 -0.208668 -0.038661 0.977222 603.068712 
0.981242 -0.029351 0.190533 -12.746301 0.021709 0.998879 0.042070 2.960432 -0.191554 -0.037145 0.980779 604.431121 
0.984393 -0.027470 0.173824 -12.508098 0.020970 0.999014 0.039126 3.038551 -0.174728 -0.034871 0.983999 605.778332 
0.987285 -0.025550 0.156893 -12.285913 0.019873 0.999094 0.037642 3.081940 -0.157713 -0.034046 0.986898 607.151808 
0.989835 -0.025026 0.140000 -12.118889 0.020056 0.999121 0.036798 3.109922 -0.140798 -0.033616 0.989468 608.518836 
0.992195 -0.024516 0.122258 -11.964452 0.020243 0.999144 0.036076 3.115963 -0.123038 -0.033320 0.991842 609.903915 
0.994313 -0.023707 0.103822 -11.805815 0.020142 0.999175 0.035259 3.152721 -0.104572 -0.032968 0.993971 611.237530 
0.996133 -0.023946 0.084533 -11.655198 0.021077 0.999176 0.034676 3.171544 -0.085294 -0.032761 0.995817 612.603399 
0.997577 -0.021733 0.066096 -11.583982 0.019488 0.999217 0.034426 3.187904 -0.066793 -0.033054 0.997219 613.997440 
0.998649 -0.021953 0.047092 -11.527739 0.020334 0.999195 0.034588 3.220173 -0.047814 -0.033584 0.998292 615.359570 
0.999364 -0.021573 0.028399 -11.488232 0.020609 0.999216 0.033791 3.247839 -0.029106 -0.033184 0.999025 616.701891 
0.999717 -0.021733 0.009629 -11.444748 0.021399 0.999210 0.033499 3.257139 -0.010350 -0.033283 0.999392 617.992569 
0.999731 -0.021623 -0.008374 -11.474381 0.021880 0.999250 0.031938 3.273406 0.007678 -0.032113 0.999455 619.312341 
0.999437 -0.020902 -0.026229 -11.519926 0.021690 0.999311 0.030134 3.296105 0.025581 -0.030686 0.999202 620.611525 
0.998855 -0.019637 -0.043633 -11.568215 0.020905 0.999366 0.028808 3.303721 0.043040 -0.029687 0.998632 621.875963 
0.997992 -0.017710 -0.060813 -11.624769 0.019428 0.999426 0.027770 3.302730 0.060286 -0.028895 0.997763 623.099297 
0.996896 -0.015282 -0.077235 -11.733929 0.017431 0.999477 0.027228 3.324057 0.076779 -0.028490 0.996641 624.339138 
0.995596 -0.013405 -0.092783 -11.831441 0.015968 0.999510 0.026934 3.344890 0.092376 -0.028297 0.995322 625.516996 
0.994191 -0.010582 -0.107108 -11.988316 0.013456 0.999568 0.026147 3.342223 0.106785 -0.027437 0.993904 626.709750 
0.992655 -0.008943 -0.120652 -12.147859 0.011996 0.999625 0.024607 3.362367 0.120386 -0.025874 0.992390 627.881225 
0.991124 -0.006152 -0.132797 -12.324993 0.009269 0.999696 0.022866 3.365751 0.132616 -0.023894 0.990879 629.039633 
0.989644 -0.005081 -0.143455 -12.511115 0.008255 0.999734 0.021536 3.377884 0.143308 -0.022498 0.989422 630.177913 
0.988392 -0.005485 -0.151823 -12.699652 0.008536 0.999774 0.019451 3.387905 0.151682 -0.020521 0.988216 631.281185 
0.987336 -0.007457 -0.158468 -12.909508 0.010265 0.999804 0.016908 3.376788 0.158311 -0.018320 0.987219 632.389364 
0.986312 -0.010245 -0.164573 -13.065692 0.012855 0.999808 0.014805 3.378809 0.164390 -0.016718 0.986254 633.428195 
0.985337 -0.013694 -0.170069 -13.249593 0.016359 0.999764 0.014274 3.382809 0.169833 -0.016847 0.985329 634.468404 
0.984330 -0.016612 -0.175552 -13.422120 0.019464 0.999705 0.014536 3.379036 0.175258 -0.017725 0.984363 635.461643 
0.983426 -0.019085 -0.180305 -13.595966 0.022173 0.999640 0.015128 3.374485 0.179951 -0.018875 0.983494 636.420269 
0.982636 -0.020668 -0.184388 -13.763073 0.024032 0.999583 0.016028 3.368028 0.183980 -0.020181 0.982723 637.347178 
0.981936 -0.021256 -0.188016 -13.940995 0.024766 0.999560 0.016337 3.369616 0.187586 -0.020698 0.982030 638.273943 
0.981375 -0.023269 -0.190687 -14.110346 0.027027 0.999488 0.017132 3.358094 0.190191 -0.021966 0.981501 639.158959 
0.980974 -0.023808 -0.192673 -14.288803 0.027676 0.999465 0.017406 3.352992 0.192156 -0.022407 0.981109 640.022975 
0.980733 -0.024501 -0.193810 -14.453548 0.028195 0.999469 0.016326 3.354138 0.193307 -0.021476 0.980903 640.840021 
0.980450 -0.025680 -0.195087 -14.616171 0.029166 0.999462 0.015014 3.346983 0.194596 -0.020411 0.980671 641.642664 
0.980236 -0.026654 -0.196030 -14.778074 0.029886 0.999462 0.013547 3.345959 0.195564 -0.019138 0.980504 642.437222 
0.980044 -0.028067 -0.196787 -14.947751 0.030946 0.999454 0.011570 3.335720 0.196355 -0.017429 0.980378 643.240989 
0.979931 -0.028665 -0.197267 -15.112052 0.031101 0.999473 0.009259 3.329116 0.196898 -0.015209 0.980306 644.015083 
0.979814 -0.029933 -0.197658 -15.270269 0.032124 0.999453 0.007885 3.313255 0.197314 -0.014075 0.980239 644.777640 
0.979720 -0.030662 -0.198011 -15.435094 0.032860 0.999429 0.007826 3.299988 0.197658 -0.014174 0.980168 645.543215 
0.979666 -0.030425 -0.198313 -15.583955 0.032748 0.999428 0.008447 3.298969 0.197943 -0.014770 0.980102 646.285092 
0.979639 -0.030178 -0.198484 -15.735536 0.032678 0.999422 0.009329 3.299652 0.198087 -0.015625 0.980060 647.038733 
0.979709 -0.030040 -0.198161 -15.884518 0.032623 0.999420 0.009780 3.294161 0.197752 -0.016046 0.980121 647.752971 
0.979876 -0.030435 -0.197275 -16.037627 0.033051 0.999404 0.009980 3.280583 0.196853 -0.016299 0.980297 648.468547 
0.979957 -0.030433 -0.196871 -16.180936 0.033045 0.999404 0.009991 3.275848 0.196449 -0.016296 0.980379 649.178977 
0.979997 -0.031411 -0.196516 -16.321685 0.033974 0.999376 0.009685 3.277214 0.196089 -0.016168 0.980453 649.866218 
0.979944 -0.032188 -0.196657 -16.457316 0.034909 0.999337 0.010385 3.255608 0.196192 -0.017042 0.980417 650.521872 
0.979893 -0.032644 -0.196833 -16.592482 0.035460 0.999313 0.010798 3.243429 0.196345 -0.017561 0.980378 651.162571 
0.979792 -0.033058 -0.197268 -16.715530 0.035811 0.999304 0.010404 3.260488 0.196787 -0.017258 0.980294 651.815913 
0.979752 -0.034313 -0.197253 -16.838139 0.037166 0.999251 0.010775 3.253758 0.196735 -0.017887 0.980293 652.397149 
0.979664 -0.034530 -0.197653 -16.945737 0.037392 0.999243 0.010770 3.263134 0.197132 -0.017942 0.980213 652.968727 
0.979586 -0.035437 -0.197875 -17.065319 0.038328 0.999207 0.010797 3.256342 0.197336 -0.018161 0.980168 653.538934 
0.979523 -0.036350 -0.198026 -17.180491 0.039319 0.999165 0.011078 3.250060 0.197458 -0.018637 0.980134 654.097402 
0.979485 -0.036131 -0.198252 -17.282667 0.039188 0.999166 0.011514 3.248212 0.197670 -0.019047 0.980084 654.614895 
0.979429 -0.036223 -0.198512 -17.382274 0.039311 0.999159 0.011632 3.246682 0.197924 -0.019196 0.980029 655.113276 
0.979393 -0.037250 -0.198498 -17.479186 0.040437 0.999110 0.012027 3.234968 0.197873 -0.019806 0.980027 655.593710 
0.979397 -0.038360 -0.198266 -17.575996 0.041673 0.999052 0.012567 3.223724 0.197596 -0.020571 0.980068 656.050095 
0.979440 -0.038732 -0.197981 -17.671257 0.042110 0.999030 0.012876 3.231374 0.197290 -0.020948 0.980121 656.489277 
0.979541 -0.038203 -0.197585 -17.754610 0.041593 0.999050 0.013030 3.230826 0.196899 -0.020982 0.980199 656.894567 
0.979656 -0.038257 -0.197006 -17.827653 0.041561 0.999056 0.012666 3.230086 0.196336 -0.020596 0.980320 657.279202 
0.979824 -0.038427 -0.196135 -17.897852 0.041737 0.999047 0.012772 3.227512 0.195458 -0.020700 0.980494 657.634447 
0.979912 -0.039303 -0.195521 -17.970626 0.042682 0.999003 0.013099 3.227965 0.194811 -0.021181 0.980612 657.990029 
0.980032 -0.039189 -0.194940 -18.029606 0.042539 0.999010 0.013026 3.231458 0.194236 -0.021058 0.980729 658.291489 
0.980133 -0.038917 -0.194484 -18.081290 0.042320 0.999015 0.013375 3.230071 0.193772 -0.021340 0.980814 658.577379 
0.980248 -0.038986 -0.193890 -18.130597 0.042469 0.999002 0.013839 3.228111 0.193157 -0.021800 0.980926 658.838960 
0.980336 -0.039339 -0.193377 -18.181997 0.042660 0.999004 0.013043 3.231584 0.192672 -0.021036 0.981038 659.088711 
0.980416 -0.040162 -0.192801 -18.236295 0.043427 0.998975 0.012735 3.230096 0.192092 -0.020858 0.981155 659.330178 
0.980472 -0.040021 -0.192542 -18.278341 0.043296 0.998980 0.012833 3.232371 0.191832 -0.020919 0.981205 659.545147 
0.980563 -0.039655 -0.192154 -18.315969 0.042855 0.999003 0.012523 3.232597 0.191466 -0.020514 0.981285 659.735020 
0.980649 -0.039147 -0.191820 -18.346680 0.042278 0.999031 0.012257 3.231578 0.191154 -0.020130 0.981354 659.891577 
0.980696 -0.039136 -0.191583 -18.373952 0.042296 0.999028 0.012430 3.229286 0.190911 -0.020293 0.981398 660.030122 
0.980791 -0.039247 -0.191072 -18.415388 0.042411 0.999022 0.012497 3.222395 0.190395 -0.020361 0.981496 660.163481 
0.980844 -0.039413 -0.190764 -18.437920 0.042545 0.999018 0.012350 3.218138 0.190090 -0.020230 0.981558 660.264831 
0.980852 -0.039469 -0.190715 -18.457055 0.042522 0.999024 0.011939 3.217710 0.190057 -0.019820 0.981573 660.355187 
0.980887 -0.039374 -0.190552 -18.477570 0.042248 0.999046 0.011043 3.216622 0.189935 -0.018882 0.981615 660.434104 
0.980926 -0.039888 -0.190245 -18.493408 0.042505 0.999049 0.009690 3.214279 0.189678 -0.017592 0.981689 660.522145 
0.980939 -0.040518 -0.190046 -18.507450 0.042900 0.999044 0.008438 3.213203 0.189522 -0.016430 0.981739 660.598743 
0.980951 -0.040597 -0.189965 -18.522959 0.042904 0.999047 0.008043 3.213196 0.189458 -0.016040 0.981758 660.673437 
0.980986 -0.040400 -0.189829 -18.536947 0.042751 0.999051 0.008304 3.213498 0.189313 -0.016261 0.981782 660.742939 
0.981018 -0.040088 -0.189729 -18.551707 0.042410 0.999067 0.008191 3.212192 0.189223 -0.016082 0.981802 660.804834 
0.981032 -0.040129 -0.189647 -18.562136 0.042463 0.999064 0.008261 3.210585 0.189137 -0.016157 0.981818 660.858776 
0.981074 -0.040067 -0.189441 -18.572691 0.042442 0.999063 0.008496 3.210595 0.188923 -0.016375 0.981855 660.910582 
0.981091 -0.040192 -0.189330 -18.582128 0.042575 0.999057 0.008536 3.209275 0.188809 -0.016435 0.981876 660.957700 
0.981108 -0.040132 -0.189254 -18.590132 0.042486 0.999062 0.008394 3.209712 0.188740 -0.016276 0.981892 660.998901 
0.981144 -0.039923 -0.189108 -18.597931 0.042302 0.999068 0.008560 3.209817 0.188590 -0.016398 0.981919 661.035138 
0.981143 -0.040076 -0.189084 -18.602671 0.042420 0.999065 0.008366 3.209864 0.188572 -0.016230 0.981925 661.059395 
0.981139 -0.040207 -0.189077 -18.607444 0.042507 0.999063 0.008119 3.210279 0.188574 -0.016003 0.981929 661.081184 
0.981142 -0.040326 -0.189036 -18.611197 0.042595 0.999061 0.007955 3.210049 0.188537 -0.015857 0.981938 661.098029 
0.981150 -0.040284 -0.189003 -18.614543 0.042468 0.999070 0.007517 3.209007 0.188524 -0.015402 0.981948 661.110682 
0.981152 -0.040149 -0.189020 -18.618128 0.042278 0.999080 0.007241 3.210808 0.188555 -0.015096 0.981947 661.125907 
0.981165 -0.040126 -0.188960 -18.620837 0.042274 0.999079 0.007346 3.210964 0.188491 -0.015196 0.981957 661.136908 
0.981162 -0.040163 -0.188968 -18.623169 0.042299 0.999078 0.007287 3.210994 0.188501 -0.015143 0.981956 661.148378 
0.981162 -0.040264 -0.188943 -18.624084 0.042425 0.999072 0.007406 3.209997 0.188470 -0.015282 0.981960 661.154311 
0.981165 -0.040125 -0.188957 -18.624306 0.042300 0.999077 0.007493 3.210440 0.188482 -0.015345 0.981957 661.158265 
0.981168 -0.040112 -0.188948 -18.623972 0.042260 0.999080 0.007350 3.210771 0.188479 -0.015196 0.981960 661.154590 
0.981163 -0.040238 -0.188945 -18.623929 0.042311 0.999080 0.006948 3.210577 0.188491 -0.014811 0.981963 661.152216 
0.981163 -0.040308 -0.188928 -18.624506 0.042364 0.999079 0.006860 3.209271 0.188478 -0.014734 0.981967 661.151131 
0.981158 -0.040252 -0.188968 -18.624435 0.042362 0.999077 0.007138 3.210525 0.188506 -0.015009 0.981957 661.154652 
0.981158 -0.040368 -0.188942 -18.623634 0.042432 0.999076 0.006889 3.209751 0.188489 -0.014776 0.981964 661.149695 
0.981144 -0.040471 -0.188991 -18.623809 0.042504 0.999074 0.006718 3.209882 0.188544 -0.014625 0.981956 661.154888 
0.981150 -0.040370 -0.188985 -18.623824 0.042448 0.999074 0.006959 3.210698 0.188529 -0.014850 0.981955 661.154569 
0.981154 -0.040436 -0.188950 -18.623869 0.042501 0.999073 0.006887 3.209703 0.188496 -0.014788 0.981963 661.151498 
0.981146 -0.040404 -0.188998 -18.623679 0.042444 0.999076 0.006759 3.210573 0.188551 -0.014653 0.981954 661.153827 
0.981154 -0.040372 -0.188964 -18.623971 0.042435 0.999076 0.006882 3.209757 0.188511 -0.014771 0.981960 661.151748 
0.981148 -0.040357 -0.188998 -18.624213 0.042421 0.999076 0.006889 3.210735 0.188545 -0.014777 0.981953 661.155030 
0.981146 -0.040346 -0.189008 -18.623908 0.042392 0.999078 0.006794 3.211118 0.188560 -0.014679 0.981952 661.153801 
0.981152 -0.040309 -0.188986 -18.624175 0.042347 0.999080 0.006758 3.211422 0.188540 -0.014633 0.981957 661.153647 
0.981143 -0.040277 -0.189039 -18.623970 0.042334 0.999080 0.006853 3.211219 0.188589 -0.014727 0.981946 661.153999 
0.981144 -0.040356 -0.189016 -18.624099 0.042408 0.999077 0.006824 3.211281 0.188566 -0.014711 0.981950 661.155339 
0.981146 -0.040297 -0.189022 -18.623933 0.042338 0.999080 0.006766 3.211285 0.188575 -0.014642 0.981950 661.154724 
0.981146 -0.040320 -0.189017 -18.623738 0.042376 0.999078 0.006848 3.211169 0.188567 -0.014729 0.981950 661.153204 
0.981140 -0.040341 -0.189041 -18.622841 0.042408 0.999077 0.006902 3.209844 0.188588 -0.014789 0.981945 661.149621 
0.981137 -0.040357 -0.189053 -18.623172 0.042406 0.999077 0.006807 3.210849 0.188604 -0.014696 0.981943 661.153188 
0.981133 -0.040380 -0.189069 -18.623009 0.042430 0.999076 0.006809 3.211045 0.188619 -0.014703 0.981940 661.152253 
0.981133 -0.040373 -0.189072 -18.622935 0.042429 0.999076 0.006836 3.211239 0.188621 -0.014730 0.981939 661.151978 
0.981130 -0.040379 -0.189086 -18.622877 0.042427 0.999076 0.006793 3.211480 0.188637 -0.014687 0.981937 661.151527 
