1 0 0 0 0 1 0 0 0 0 1 0
0.999983 0.00291845 0.00496516 -0.0823967 -0.00293007 0.999993 0.00233589 -0.0396301 -0.00495831 -0.0023504 0.999985 0.237654
0.999977 0.00461442 0.00493499 -0.102781 -0.0046193 0.999989 0.000977332 -0.0401992 -0.00493043 -0.00100011 0.999987 0.478229
0.999988 0.00231344 0.0043426 -0.0901768 -0.00232288 0.999995 0.00216895 -0.0633651 -0.00433756 -0.00217901 0.999988 0.738767
0.999994 0.000977541 0.00340803 -0.0840044 -0.000989237 0.999994 0.00343174 -0.0723903 -0.00340465 -0.00343509 0.999988 0.981443
0.999978 0.00130049 0.00644159 -0.133737 -0.001321 0.999994 0.00318087 -0.0783766 -0.00643742 -0.00318931 0.999974 1.19634
0.999977 0.000639158 0.00668541 -0.151264 -0.000672566 0.999987 0.00499619 -0.110443 -0.00668213 -0.00500058 0.999965 1.41972
0.999991 -0.00159108 0.00400247 -0.113778 0.00156714 0.999981 0.00597795 -0.113069 -0.00401191 -0.00597162 0.999974 1.65509
0.999996 -0.00173384 0.00216957 -0.0703838 0.00172126 0.999982 0.00578884 -0.111479 -0.00217957 -0.00578508 0.999981 1.82412
0.999981 -0.00331889 0.00518059 -0.0906747 0.00328575 0.999974 0.00639249 -0.113759 -0.00520167 -0.00637535 0.999966 1.9996
0.999967 -0.00422905 0.0069899 -0.113772 0.00418604 0.999972 0.00615741 -0.10542 -0.00701574 -0.00612795 0.999957 2.18292
0.999971 -0.00529107 0.00544794 -0.09148 0.00526224 0.999972 0.00529318 -0.0835091 -0.00547579 -0.00526436 0.999971 2.38195
0.999958 -0.00859764 0.0031996 -0.0577011 0.00857794 0.999944 0.00612049 -0.100731 -0.00325204 -0.00609279 0.999976 2.56446
0.999946 -0.0100984 0.00264254 -0.0635806 0.0100867 0.999939 0.00439357 -0.0758666 -0.00268674 -0.00436667 0.999987 2.7729
0.99994 -0.0108871 0.00101527 -0.0318468 0.0108822 0.99993 0.00466761 -0.0776284 -0.00106601 -0.00465628 0.999989 2.95467
0.999922 -0.0124184 -0.00108341 -5.06156e-05 0.0124236 0.999911 0.00492452 -0.0748415 0.00102216 -0.0049376 0.999987 3.10386
0.999816 -0.0191723 0.000877741 -0.0409644 0.0191684 0.999807 0.00430035 -0.0720274 -0.000960019 -0.00428273 0.99999 3.16808
0.99974 -0.0227962 0.000149668 -0.0200447 0.0227959 0.999738 0.00222665 -0.0386929 -0.000200388 -0.00222266 0.999998 3.21617
0.999711 -0.0240501 -0.000222805 -0.0138275 0.0240505 0.999709 0.00187755 -0.0361399 0.000177585 -0.00188236 0.999998 3.28751
0.999635 -0.0268691 -0.00280119 0.0357536 0.0268719 0.999638 0.000990085 -0.015865 0.00277358 -0.001065 0.999996 3.38512
0.999691 -0.0246752 -0.00302215 0.0443831 0.0246789 0.999695 0.00118358 -0.0326444 0.00299203 -0.0012578 0.999995 3.42248
0.999566 -0.0292204 -0.00363722 0.0715169 0.0292226 0.999573 0.000553881 -0.0156114 0.00361948 -0.00065993 0.999993 3.45298
0.99956 -0.0294671 -0.00335585 0.0818481 0.029467 0.999566 -8.49708e-05 -0.00753554 0.00335689 -1.39532e-05 0.999994 3.49233
0.999444 -0.0331742 -0.00320444 0.104682 0.0331636 0.999444 -0.00330606 0.033455 0.00331233 0.00319796 0.999989 3.6385
0.999377 -0.0352824 0.000605822 0.0681886 0.0352863 0.999339 -0.00873909 0.110045 -0.000297085 0.00875503 0.999962 3.7343
0.999374 -0.0352602 0.00297385 0.0490506 0.0352838 0.999343 -0.00831626 0.0983609 -0.00267867 0.00841598 0.999961 3.87442
0.999291 -0.0376146 0.00183963 0.0793097 0.0376341 0.999219 -0.0120378 0.140804 -0.0013854 0.0120985 0.999926 3.8583
0.999291 -0.0376149 0.00139256 0.092421 0.0376287 0.999223 -0.0117673 0.13561 -0.000948856 0.0118113 0.99993 3.86169
0.999175 -0.0405628 0.00202924 0.102193 0.0405844 0.999103 -0.0120993 0.144331 -0.00153664 0.0121717 0.999925 3.84861
0.999154 -0.0410954 0.00182932 0.115262 0.0411155 0.999072 -0.0128003 0.142588 -0.00130159 0.0128646 0.999916 3.84519
0.998833 -0.0482903 -2.84599e-05 0.172323 0.048285 0.99873 -0.0143544 0.163458 0.000721603 0.0143363 0.999897 3.8065
0.998633 -0.0522523 0.00145705 0.174892 0.052268 0.998526 -0.014642 0.162704 -0.00068982 0.0146981 0.999892 3.83141
0.99853 -0.0541819 0.00173089 0.194979 0.0542018 0.998416 -0.0150555 0.166385 -0.000912419 0.0151272 0.999885 3.8015
0.998418 -0.0562236 0.000880943 0.22934 0.0562305 0.998297 -0.0155632 0.170943 -4.42275e-06 0.0155881 0.999878 3.77984
0.99831 -0.0581125 0.00100501 0.25122 0.0581211 0.998186 -0.0156824 0.162094 -9.18485e-05 0.0157143 0.999877 3.74747
0.998142 -0.0609196 0.00148781 0.27123 0.060935 0.998032 -0.0148209 0.147806 -0.000581995 0.014884 0.999889 3.72306
0.998054 -0.062339 0.00110996 0.294645 0.0623486 0.997949 -0.0145306 0.143581 -0.000201853 0.0145716 0.999894 3.71516
0.998009 -0.0630531 0.00159359 0.313971 0.063069 0.997917 -0.01355 0.129623 -0.000735901 0.0136236 0.999907 3.69766
0.997901 -0.0647436 0.00101977 0.33688 0.0647514 0.997809 -0.0135505 0.128057 -0.000140228 0.0135881 0.999908 3.7151
0.997969 -0.0636888 0.00129867 0.360555 0.0637016 0.997833 -0.0164873 0.165214 -0.000245804 0.0165365 0.999863 3.68911
0.997794 -0.0663154 -0.00303713 0.439008 0.066261 0.997683 -0.0154575 0.153839 0.00405517 0.0152222 0.999876 3.68268
0.997821 -0.0659373 -0.00247311 0.448425 0.0658883 0.997693 -0.016372 0.15577 0.00354693 0.0161734 0.999863 3.63766
0.997822 -0.0659346 -0.00183503 0.454408 0.0658959 0.997692 -0.0163826 0.147666 0.00291097 0.016226 0.999864 3.65385
0.99772 -0.0674551 -0.0021699 0.468797 0.0674101 0.997588 -0.0165667 0.145768 0.00328217 0.0163827 0.99986 3.65658
0.997674 -0.0681185 -0.00254355 0.492044 0.0680669 0.997541 -0.0166772 0.13518 0.00367332 0.0164653 0.999858 3.69403
0.997518 -0.0702983 -0.00401783 0.535333 0.0702216 0.99739 -0.016798 0.127883 0.00518821 0.0164741 0.999851 3.71932
0.997278 -0.0734794 -0.0061426 0.586625 0.0733648 0.997158 -0.0171592 0.131586 0.007386 0.0166619 0.999834 3.80696
0.99734 -0.0725695 -0.0068191 0.60797 0.0724362 0.997209 -0.0181004 0.144077 0.0081136 0.0175583 0.999813 3.90523
0.997143 -0.0748504 -0.0101693 0.678758 0.0746767 0.997071 -0.0165032 0.109108 0.0113748 0.0156966 0.999812 4.01671
0.996739 -0.0797992 -0.0119923 0.733483 0.0796037 0.996699 -0.0159791 0.101975 0.0132278 0.0149723 0.9998 4.14582
0.996859 -0.0787577 -0.00827446 0.708322 0.0786354 0.996802 -0.0141915 0.0754949 0.0093657 0.0134963 0.999865 4.31211
0.996725 -0.0804002 -0.00864798 0.741259 0.0802799 0.996681 -0.0134606 0.0543377 0.00970152 0.0127223 0.999872 4.45519
0.996483 -0.0829499 -0.0119131 0.827736 0.0827928 0.99648 -0.0131236 0.0451039 0.0129598 0.0120912 0.999843 4.58482
0.996102 -0.0867083 -0.0161898 0.93421 0.0865147 0.996175 -0.0123 0.0271354 0.0171944 0.0108514 0.999793 4.71468
0.995616 -0.0915329 -0.0192668 1.01606 0.0913048 0.995746 -0.012403 0.0270887 0.0203202 0.0105894 0.999737 4.89698
0.995203 -0.0941511 -0.0265686 1.15517 0.0939019 0.995526 -0.0104785 -0.00743728 0.0274363 0.00793344 0.999592 5.02851
0.99484 -0.0970928 -0.0294342 1.24541 0.0968389 0.99525 -0.00993564 -0.0224204 0.0302591 0.00703399 0.999517 5.20764
0.994227 -0.100501 -0.0375854 1.41723 0.100265 0.994928 -0.00813169 -0.0519575 0.038212 0.00431626 0.99926 5.36511
0.993774 -0.105044 -0.0371219 1.47358 0.104803 0.994458 -0.00838671 -0.0538746 0.0377972 0.00444401 0.999276 5.61934
0.992683 -0.112243 -0.0445102 1.63817 0.111961 0.993674 -0.00877414 -0.0446087 0.0452135 0.00372653 0.99897 5.82141
0.991929 -0.118836 -0.044207 1.67768 0.118674 0.992913 -0.00628395 -0.0528173 0.0446405 0.000987012 0.999003 6.14537
0.991439 -0.120244 -0.0508942 1.81358 0.120172 0.992743 -0.00446842 -0.0774196 0.0510622 -0.00168592 0.998694 6.43563
0.990707 -0.123614 -0.0567307 1.92538 0.123705 0.992317 -0.00191283 -0.0986184 0.0565313 -0.00512281 0.998388 6.69176
0.989875 -0.127116 -0.063151 2.05057 0.127467 0.991842 0.00154931 -0.12014 0.0624388 -0.00958332 0.998003 6.92956
0.988485 -0.134612 -0.0691141 2.16154 0.135284 0.990794 0.00512157 -0.119612 0.0677884 -0.0144126 0.997596 7.26341
0.987985 -0.135308 -0.0746786 2.26456 0.136206 0.990655 0.00704973 -0.118165 0.0730269 -0.0171367 0.997183 7.5718
0.986993 -0.141342 -0.0765946 2.30642 0.142284 0.989801 0.00695815 -0.0748415 0.07483 -0.0177658 0.997038 7.84401
0.986593 -0.143082 -0.0784915 2.36534 0.144405 0.989453 0.0114114 -0.127659 0.0760309 -0.0225929 0.996849 8.12659
0.98618 -0.145 -0.0801563 2.41766 0.146331 0.989175 0.0109568 -0.120863 0.0776999 -0.0225347 0.996722 8.33451
0.985421 -0.148364 -0.0832694 2.4733 0.149652 0.988694 0.00940979 -0.0918689 0.0809319 -0.021734 0.996483 8.61947
0.984905 -0.15016 -0.0861005 2.52093 0.151391 0.988442 0.00791501 -0.0646035 0.0839169 -0.0208303 0.996255 8.93078
0.985416 -0.151354 -0.0777643 2.41222 0.152433 0.988281 0.00809734 -0.0548066 0.0756274 -0.0198331 0.996939 9.17222
0.984031 -0.156243 -0.0852687 2.53726 0.157113 0.987574 0.00354672 0.0173271 0.083655 -0.0168869 0.996352 9.46614
0.984396 -0.158046 -0.0773667 2.45565 0.159036 0.98725 0.00676393 -0.0159432 0.0753112 -0.0189625 0.99698 9.68134
0.98438 -0.1572 -0.0792765 2.49257 0.158214 0.987383 0.00662768 -0.0152453 0.0772344 -0.0190668 0.996831 9.99588
0.984301 -0.157339 -0.079971 2.52342 0.159281 0.987061 0.0184695 -0.133847 0.0760303 -0.0309174 0.996626 10.2608
0.983953 -0.157152 -0.0844986 2.59676 0.159316 0.987035 0.0194754 -0.13533 0.0803426 -0.0326249 0.996233 10.5763
0.983564 -0.15926 -0.085083 2.61991 0.161892 0.986493 0.0249479 -0.187446 0.0799606 -0.0383121 0.996061 10.8552
0.983304 -0.160137 -0.0864293 2.66758 0.163209 0.986145 0.0296782 -0.247418 0.0804792 -0.0432887 0.995816 11.1191
0.98271 -0.16201 -0.089631 2.76379 0.165508 0.985655 0.0330331 -0.277209 0.0829936 -0.0472966 0.995427 11.3514
0.982301 -0.164335 -0.0898794 2.79443 0.168156 0.985078 0.0366833 -0.308274 0.0825098 -0.0511478 0.995277 11.6174
0.981373 -0.169416 -0.0905785 2.83812 0.173408 0.984111 0.0381368 -0.322731 0.0826783 -0.0531335 0.995159 11.8529
0.980852 -0.170769 -0.0936386 2.89584 0.174944 0.983833 0.0382978 -0.317177 0.0855847 -0.053946 0.994869 12.1265
0.979461 -0.17686 -0.0968292 2.9739 0.181211 0.982707 0.0380839 -0.309173 0.0884192 -0.0548482 0.994572 12.347
0.979457 -0.174278 -0.101449 3.06407 0.179236 0.982912 0.0419296 -0.342552 0.0924078 -0.0592515 0.993957 12.6053
0.977517 -0.180732 -0.108609 3.21928 0.186293 0.981537 0.0433565 -0.351981 0.0987683 -0.0626149 0.993139 12.7858
0.976041 -0.185672 -0.113442 3.32416 0.191814 0.980363 0.0457739 -0.357131 0.102716 -0.0664371 0.99249 13.0134
0.975675 -0.185052 -0.117534 3.42166 0.19194 0.980123 0.0501796 -0.403198 0.105912 -0.0715186 0.9918 13.2716
0.974809 -0.187772 -0.120371 3.44392 0.194927 0.979511 0.0506133 -0.387359 0.108401 -0.072802 0.991438 13.6114
0.975682 -0.184052 -0.119038 3.35988 0.191186 0.980202 0.0514872 -0.392028 0.107205 -0.0729936 0.991554 14.0372
0.976758 -0.177757 -0.119773 3.28653 0.184958 0.981377 0.0518714 -0.392046 0.108321 -0.0728187 0.991445 14.4724
0.976112 -0.180205 -0.121371 3.23281 0.187307 0.981038 0.0498069 -0.374326 0.110094 -0.0713508 0.991357 14.8928
0.976523 -0.177731 -0.121719 3.16797 0.184671 0.981615 0.048248 -0.356826 0.110906 -0.0695933 0.991391 15.313
0.977601 -0.173814 -0.118676 3.0706 0.180451 0.982432 0.0475919 -0.352491 0.108319 -0.0679411 0.991792 15.7332
0.977955 -0.172293 -0.117981 3.00408 0.178934 0.982683 0.0481397 -0.360764 0.107644 -0.0681894 0.991848 16.1539
0.977571 -0.174835 -0.117417 3.01091 0.181615 0.982113 0.0496882 -0.357754 0.10663 -0.0698986 0.991839 16.4242
0.977436 -0.177345 -0.114751 2.99398 0.184001 0.981644 0.0501872 -0.338196 0.103744 -0.0701689 0.992126 16.6977
0.977238 -0.177938 -0.115515 2.95857 0.184582 0.981568 0.0495358 -0.320007 0.104572 -0.0697303 0.99207 17.083
0.976536 -0.179933 -0.118331 2.93956 0.186408 0.981392 0.0460511 -0.249859 0.107843 -0.0670285 0.991906 17.4837
0.976592 -0.18166 -0.115188 2.87178 0.187877 0.981136 0.0455421 -0.228054 0.104742 -0.0661172 0.992299 17.8021
0.976355 -0.18268 -0.115578 2.83651 0.188996 0.980891 0.0461867 -0.22582 0.104932 -0.0669384 0.992224 18.16
0.975701 -0.185437 -0.116709 2.80784 0.191754 0.980395 0.0453523 -0.206358 0.106011 -0.0666297 0.99213 18.5025
0.976305 -0.182599 -0.116129 2.73028 0.188797 0.980997 0.044731 -0.196067 0.105755 -0.065596 0.992226 18.8962
0.976058 -0.183067 -0.117465 2.68754 0.189419 0.980851 0.0453047 -0.182688 0.106922 -0.0664701 0.992043 19.2601
0.976913 -0.178757 -0.11699 2.59924 0.184923 0.981764 0.0440797 -0.175705 0.106977 -0.0646963 0.992154 19.6452
0.976398 -0.180638 -0.118392 2.58003 0.186872 0.981409 0.0437677 -0.156405 0.108285 -0.0648588 0.992002 19.9682
0.976252 -0.181055 -0.118957 2.54065 0.187396 0.981281 0.0443917 -0.150077 0.108692 -0.0656295 0.991907 20.2853
0.975702 -0.182168 -0.121742 2.52833 0.188718 0.981021 0.0445303 -0.133981 0.11132 -0.0664232 0.991562 20.6151
0.975604 -0.18231 -0.122307 2.44521 0.188771 0.981062 0.0434034 -0.108973 0.112078 -0.0654326 0.991543 20.9834
0.975387 -0.181937 -0.124575 2.4011 0.188558 0.981099 0.0434943 -0.111576 0.114307 -0.0659133 0.991256 21.3355
0.97596 -0.179958 -0.122951 2.27728 0.186507 0.981471 0.043925 -0.112065 0.112768 -0.0658003 0.99144 21.7408
0.975979 -0.178712 -0.124606 2.2047 0.18539 0.981673 0.0441362 -0.106063 0.114435 -0.0661768 0.991224 22.1099
0.976133 -0.177126 -0.125665 2.12766 0.183888 0.981947 0.0443272 -0.10726 0.115545 -0.0663774 0.991082 22.4572
0.976495 -0.174006 -0.127202 2.0659 0.180575 0.982664 0.0419938 -0.100826 0.11769 -0.0639762 0.990987 22.802
0.976529 -0.172562 -0.128892 2.00028 0.179291 0.982879 0.0424791 -0.110855 0.119355 -0.0645912 0.990748 23.153
0.976573 -0.170998 -0.130633 1.94075 0.177847 0.983135 0.0426119 -0.119297 0.121143 -0.0648463 0.990515 23.4971
0.976482 -0.170997 -0.131315 1.86027 0.177748 0.983202 0.0414551 -0.0969831 0.122021 -0.0638212 0.990474 23.829
0.976442 -0.169934 -0.132979 1.7926 0.177046 0.983239 0.0435356 -0.136815 0.123352 -0.0660534 0.990162 24.1746
0.976454 -0.168733 -0.134413 1.71266 0.176066 0.983368 0.0445896 -0.151942 0.124653 -0.0672051 0.989922 24.5202
0.976088 -0.169194 -0.136479 1.6496 0.176862 0.983156 0.0460828 -0.173682 0.126383 -0.0691189 0.989571 24.8912
0.976006 -0.166978 -0.139752 1.61957 0.174906 0.98349 0.0464313 -0.188141 0.129692 -0.0697607 0.989097 25.2871
0.975633 -0.165983 -0.143492 1.60286 0.174211 0.983599 0.0467287 -0.195124 0.133382 -0.0705879 0.988548 25.5986
0.976817 -0.163774 -0.137865 1.37937 0.171878 0.983898 0.0490101 -0.230436 0.127618 -0.0715699 0.989238 25.9746
0.978227 -0.162569 -0.129012 1.1152 0.170284 0.984067 0.0511403 -0.25219 0.118643 -0.0719955 0.990323 26.2753
0.978651 -0.161581 -0.12702 0.996875 0.169123 0.984277 0.0509547 -0.250886 0.11679 -0.071349 0.99059 26.6329
0.978606 -0.159717 -0.129697 0.973379 0.167753 0.984374 0.0535333 -0.314263 0.11912 -0.0741452 0.990107 26.9667
0.978029 -0.160521 -0.133011 0.948448 0.168152 0.984582 0.0481968 -0.222217 0.123224 -0.0695039 0.989942 27.2797
0.978423 -0.158287 -0.132794 0.856848 0.166251 0.984757 0.0511258 -0.261351 0.122678 -0.0720998 0.989824 27.5788
0.978039 -0.158147 -0.135758 0.834595 0.166187 0.984825 0.0500164 -0.251952 0.125788 -0.0714792 0.989479 27.8934
0.978262 -0.15753 -0.134859 0.750291 0.165699 0.984826 0.0515905 -0.281764 0.124685 -0.0728151 0.989521 28.1801
0.978719 -0.157139 -0.131972 0.624384 0.164964 0.985003 0.0505518 -0.255225 0.122049 -0.0712466 0.989964 28.4981
0.977804 -0.15723 -0.138487 0.663244 0.165573 0.984885 0.0508667 -0.24238 0.128396 -0.0726673 0.989057 28.7825
0.977821 -0.154883 -0.140987 0.616541 0.163832 0.984999 0.0541823 -0.288709 0.13048 -0.0760787 0.988528 29.0807
0.978308 -0.151177 -0.141629 0.549715 0.160666 0.985298 0.0580819 -0.35544 0.130766 -0.0795769 0.988214 29.336
0.978871 -0.150527 -0.138397 0.419102 0.159642 0.985514 0.0572406 -0.337076 0.127776 -0.078125 0.988721 29.5905
0.979203 -0.147424 -0.139384 0.362506 0.156934 0.985795 0.0598354 -0.378804 0.128583 -0.0804651 0.988429 29.8379
0.980079 -0.143692 -0.137105 0.23722 0.153322 0.986202 0.0624262 -0.423895 0.126243 -0.0822039 0.988587 30.1228
0.980077 -0.142245 -0.138618 0.162913 0.152537 0.986048 0.0666444 -0.478195 0.127204 -0.0864611 0.988101 30.3869
0.9804 -0.140217 -0.138398 0.0597645 0.150969 0.986023 0.0704692 -0.520464 0.126583 -0.089982 0.987866 30.6352
0.980833 -0.136048 -0.139489 0.00389789 0.147263 0.986366 0.0734626 -0.576542 0.127593 -0.0925961 0.987495 30.8617
0.981118 -0.133321 -0.14012 -0.067355 0.144997 0.986457 0.0766716 -0.629408 0.128 -0.0955408 0.987162 31.0947
0.981305 -0.131482 -0.140546 -0.163086 0.143513 0.986477 0.0791618 -0.656897 0.128238 -0.097852 0.986904 31.3452
0.981498 -0.128589 -0.141868 -0.233545 0.141225 0.986502 0.0828831 -0.707416 0.129295 -0.101385 0.98641 31.5821
0.981555 -0.127813 -0.142175 -0.288018 0.141168 0.986052 0.0881628 -0.769225 0.128924 -0.106607 0.985907 31.7933
0.982272 -0.125156 -0.139564 -0.393527 0.138398 0.986318 0.0895747 -0.80064 0.126444 -0.107302 0.986153 32.013
0.982862 -0.12143 -0.138697 -0.468274 0.134621 0.986799 0.090032 -0.823312 0.125933 -0.107161 0.986234 32.2124
0.983785 -0.116822 -0.136083 -0.560815 0.129535 0.987607 0.0886228 -0.832645 0.124044 -0.104813 0.986726 32.4048
0.983949 -0.113793 -0.137464 -0.619638 0.127068 0.98762 0.0919839 -0.86437 0.125295 -0.107975 0.986226 32.6352
0.984372 -0.112571 -0.135421 -0.695558 0.125504 0.987904 0.0910784 -0.850523 0.12353 -0.106651 0.986593 32.8193
0.984686 -0.112546 -0.133146 -0.796464 0.125081 0.98807 0.0898434 -0.822646 0.121446 -0.105122 0.987016 33.034
0.983993 -0.118456 -0.13314 -0.835793 0.130379 0.98784 0.0846972 -0.731417 0.121488 -0.1007 0.987472 33.226
0.98436 -0.115514 -0.133011 -0.893979 0.127234 0.988373 0.0832501 -0.722004 0.121848 -0.0988716 0.987612 33.4133
0.984864 -0.112054 -0.132241 -0.955013 0.123806 0.988723 0.0842546 -0.745815 0.121309 -0.0993515 0.98763 33.6286
0.984857 -0.110153 -0.133878 -1.0023 0.121563 0.989334 0.0802573 -0.69437 0.12361 -0.0953166 0.987743 33.858
0.985432 -0.106881 -0.132289 -1.10197 0.118536 0.989424 0.0835976 -0.743343 0.121955 -0.0980608 0.98768 34.1002
0.986213 -0.10492 -0.127968 -1.25251 0.116335 0.989545 0.0852407 -0.776956 0.117687 -0.0989526 0.988108 34.3921
0.986105 -0.105721 -0.128144 -1.29858 0.117225 0.98939 0.0858209 -0.781468 0.117711 -0.09965 0.988035 34.652
0.986578 -0.103621 -0.126198 -1.34979 0.114894 0.989684 0.0855808 -0.781311 0.116028 -0.0989316 0.988307 34.9026
0.987347 -0.103652 -0.120008 -1.50015 0.114348 0.989715 0.0859553 -0.741357 0.109864 -0.0985904 0.989045 35.2017
0.988468 -0.0984431 -0.115064 -1.61006 0.108801 0.990205 0.0874975 -0.731734 0.105323 -0.0990076 0.989497 35.5115
0.989313 -0.0971162 -0.10876 -1.73133 0.106906 0.990356 0.0881238 -0.713556 0.099153 -0.0988092 0.990154 35.8658
0.989983 -0.0989067 -0.100757 -1.84928 0.107913 0.990237 0.0882406 -0.678908 0.0910456 -0.0982297 0.99099 36.2111
0.990359 -0.103329 -0.0922604 -2.0135 0.111256 0.99012 0.0853529 -0.584116 0.0825293 -0.0947945 0.99207 36.6287
0.990995 -0.106923 -0.0805952 -2.22845 0.113556 0.990076 0.0827887 -0.510765 0.0709434 -0.0911953 0.993303 37.0432
0.992125 -0.103543 -0.0704822 -2.37465 0.109366 0.990403 0.0845018 -0.508044 0.0610563 -0.0915447 0.993927 37.4411
0.992744 -0.104885 -0.0588039 -2.58264 0.109385 0.990823 0.079398 -0.411644 0.0499366 -0.0852542 0.995107 37.8929
0.993419 -0.103552 -0.0489402 -2.73163 0.107178 0.991141 0.0784314 -0.376247 0.0403849 -0.0831606 0.995718 38.3318
0.994027 -0.102298 -0.038019 -2.90457 0.105017 0.991394 0.0781674 -0.314173 0.0296954 -0.0816931 0.996215 38.8258
0.994317 -0.103278 -0.0258141 -3.0752 0.105013 0.991356 0.078655 -0.257574 0.0174676 -0.0809188 0.996568 39.328
0.994682 -0.102022 -0.0141075 -3.22525 0.102824 0.991534 0.0792995 -0.214599 0.00589781 -0.0803284 0.996751 39.8111
0.994876 -0.100606 -0.00998609 -3.2224 0.101084 0.991642 0.0801757 -0.177216 0.00183644 -0.0807743 0.996731 40.2056
0.994988 -0.0999659 0.0021867 -3.39511 0.0994681 0.991792 0.0803441 -0.126165 -0.0102004 -0.0797239 0.996765 40.7376
0.994823 -0.100618 0.0142668 -3.56031 0.0991771 0.991874 0.0796815 -0.0583675 -0.0221683 -0.077854 0.996718 41.3063
0.994644 -0.100513 0.0240923 -3.6273 0.0982764 0.991875 0.0807877 -0.0259114 -0.0320168 -0.0779873 0.99644 41.8307
0.994505 -0.100328 0.0298948 -3.66744 0.0976517 0.991961 0.0804891 0.0318464 -0.0377298 -0.0771275 0.996307 42.3506
0.994331 -0.0996695 0.0370402 -3.67427 0.0964685 0.992118 0.0799756 0.0838261 -0.0447194 -0.075949 0.996108 42.9155
0.994059 -0.0994595 0.0442031 -3.66955 0.0957028 0.992171 0.0802343 0.123944 -0.0518371 -0.0755273 0.995795 43.5655
0.994147 -0.0987194 0.0438902 -3.5503 0.0948367 0.992014 0.0831485 0.131485 -0.0517481 -0.0784994 0.99557 44.1315
0.993948 -0.0982865 0.0490638 -3.50709 0.0938817 0.991932 0.0851941 0.151632 -0.0570414 -0.0800724 0.995156 44.7597
0.993741 -0.0963114 0.0565928 -3.51169 0.0911898 0.992025 0.087013 0.182825 -0.0645218 -0.0813077 0.994598 45.4183
0.993547 -0.0932126 0.0646153 -3.50284 0.0869254 0.991761 0.0940964 0.16237 -0.0728539 -0.0878725 0.993464 46.0934
0.993607 -0.0941299 0.0623211 -3.31399 0.088095 0.991726 0.0933752 0.209189 -0.0705948 -0.0872882 0.993679 46.6819
0.993492 -0.0941838 0.0640476 -3.20343 0.0879167 0.991637 0.0944849 0.236906 -0.0724109 -0.0882392 0.993464 47.3151
0.993653 -0.0950142 0.0602147 -3.02922 0.0889819 0.991398 0.0959845 0.278568 -0.0688166 -0.0900172 0.99356 47.8992
0.993665 -0.0950202 0.0600119 -2.95902 0.0891336 0.991561 0.0941385 0.363593 -0.0684505 -0.088193 0.993749 48.5983
0.993776 -0.0946391 0.058765 -2.88294 0.0888559 0.991575 0.0942559 0.405991 -0.0671902 -0.0884476 0.993812 49.3031
0.993779 -0.0949495 0.0582048 -2.82219 0.0889597 0.991197 0.0980568 0.397699 -0.0670028 -0.0922689 0.993477 49.9928
0.993971 -0.0935504 0.0571901 -2.78125 0.0876407 0.991288 0.0983231 0.446461 -0.06589 -0.0927181 0.99351 50.7034
0.994091 -0.092727 0.0564314 -2.74342 0.0869405 0.991426 0.0975539 0.516626 -0.0649934 -0.0920713 0.993629 51.4719
0.994168 -0.0935526 0.0536435 -2.6751 0.0880898 0.99143 0.0964668 0.577387 -0.0622085 -0.0911788 0.99389 52.2082
0.99428 -0.0941422 0.0504368 -2.63361 0.0889619 0.991337 0.0966258 0.63281 -0.0590964 -0.0915861 0.994042 52.927
0.9945 -0.0940609 0.0460581 -2.57648 0.0892949 0.991327 0.0964262 0.700436 -0.0547285 -0.0917831 0.994274 53.7044
0.994625 -0.0940618 0.0432938 -2.58596 0.0895078 0.991228 0.0972414 0.745232 -0.0520607 -0.0928436 0.994319 54.4315
0.994731 -0.094642 0.0394125 -2.58037 0.0903544 0.990961 0.0991621 0.786086 -0.0484411 -0.0950786 0.99429 55.2063
0.994987 -0.0942702 0.0333749 -2.52979 0.0905626 0.990946 0.0991168 0.870394 -0.0424165 -0.0955974 0.994516 56.0238
0.995204 -0.0941045 0.0266901 -2.48622 0.0910029 0.990803 0.100135 0.92818 -0.0358678 -0.097226 0.994616 56.7992
0.995357 -0.0936323 0.0223142 -2.48128 0.090952 0.990784 0.100372 0.989938 -0.0315066 -0.0978765 0.9947 57.5425
0.995485 -0.093583 0.0158977 -2.46066 0.0915447 0.990776 0.0999172 1.06416 -0.0251016 -0.0980106 0.994869 58.3274
0.995501 -0.0940516 0.011505 -2.47716 0.0924853 0.990893 0.0978598 1.15532 -0.0206041 -0.0963555 0.995134 59.099
0.995517 -0.0943707 0.00632817 -2.48729 0.0933414 0.991055 0.0953832 1.23662 -0.0152729 -0.0943649 0.995421 59.8662
0.995565 -0.0940773 -0.000640483 -2.47845 0.0937149 0.991085 0.0947001 1.29262 -0.00827436 -0.0943401 0.995506 60.629
0.995512 -0.094232 -0.00869267 -2.47543 0.0946314 0.990967 0.0950196 1.34103 -0.000339734 -0.0954158 0.995437 61.3951
0.99542 -0.0942474 -0.0160245 -2.48454 0.0953382 0.991045 0.0934896 1.42397 0.00706988 -0.0945891 0.995491 62.1667
0.995363 -0.0935175 -0.0224947 -2.50684 0.0951981 0.991245 0.0914879 1.49861 0.013742 -0.0932051 0.995552 62.9319
0.995102 -0.0940257 -0.0305211 -2.50742 0.0964625 0.991095 0.0917923 1.5544 0.0216185 -0.0942868 0.99531 63.705
0.994894 -0.09289 -0.0394555 -2.50222 0.0962392 0.99093 0.0937875 1.59723 0.0303857 -0.0971058 0.99481 64.4644
0.994586 -0.0923564 -0.047626 -2.51028 0.0964433 0.99106 0.0921848 1.67204 0.0386864 -0.096279 0.994602 65.2025
0.994513 -0.0888085 -0.0552813 -2.54541 0.0935438 0.991543 0.0899597 1.73773 0.0468246 -0.0946374 0.99441 65.9726
0.99402 -0.0884821 -0.0639923 -2.56437 0.0939701 0.991629 0.0885542 1.81038 0.0556211 -0.0940381 0.994014 66.7409
0.99365 -0.0873487 -0.0709154 -2.5756 0.0936518 0.991433 0.0910494 1.81118 0.0623549 -0.0971127 0.993318 67.4195
0.992786 -0.0907268 -0.0783855 -2.60651 0.098066 0.990587 0.0954997 1.82195 0.0689833 -0.102498 0.992338 68.1527
0.99168 -0.0935018 -0.0884816 -2.62846 0.102143 0.989854 0.0987768 1.87641 0.0783481 -0.106993 0.991168 68.9342
0.991477 -0.0942324 -0.0899699 -2.71406 0.103125 0.989637 0.0999192 1.91296 0.0796219 -0.108346 0.99092 69.6124
0.991002 -0.093921 -0.0953603 -2.75491 0.103479 0.989511 0.100801 1.96962 0.0848927 -0.109761 0.990326 70.3573
0.990198 -0.0977642 -0.0997505 -2.75152 0.107739 0.98913 0.100066 2.05999 0.0888833 -0.109832 0.989968 71.0219
0.990785 -0.0944733 -0.0970545 -2.89518 0.103769 0.98999 0.0956651 2.1309 0.0870452 -0.104855 0.990671 71.6034
0.989338 -0.101119 -0.104814 -2.83652 0.111249 0.989166 0.09578 2.22721 0.0939935 -0.106419 0.989869 72.2683
0.98836 -0.104026 -0.111013 -2.80715 0.114948 0.988625 0.0969893 2.27618 0.0996609 -0.108621 0.989075 72.9913
0.987691 -0.10603 -0.114999 -2.86012 0.117575 0.988144 0.0987312 2.32058 0.103167 -0.111037 0.988447 73.754
0.987304 -0.108165 -0.116321 -2.95685 0.11975 0.987986 0.0976941 2.38336 0.104357 -0.110383 0.988395 74.4936
0.987343 -0.108237 -0.115921 -3.05373 0.119906 0.987844 0.098923 2.42509 0.103805 -0.111571 0.98832 75.1447
0.987878 -0.106135 -0.113277 -3.20511 0.117174 0.988489 0.0957039 2.50962 0.101815 -0.107817 0.988943 75.838
0.987313 -0.109601 -0.114894 -3.31648 0.120977 0.987884 0.0972147 2.55489 0.102847 -0.109881 0.988609 76.6007
0.987833 -0.107174 -0.112689 -3.49326 0.118138 0.988386 0.0955847 2.63297 0.101136 -0.107735 0.989022 77.2832
0.988165 -0.103646 -0.113079 -3.55499 0.11472 0.988724 0.0962553 2.65014 0.101827 -0.108088 0.988913 77.7974
0.988292 -0.103837 -0.111787 -3.67074 0.114553 0.988947 0.0941384 2.74403 0.100777 -0.105842 0.989263 78.4082
0.988475 -0.102865 -0.111071 -3.76273 0.113434 0.989141 0.0934448 2.78891 0.100253 -0.104967 0.98941 79.0079
0.988667 -0.106477 -0.105836 -3.93013 0.116322 0.988972 0.0916669 2.86239 0.0949082 -0.102939 0.990149 79.6635
0.989207 -0.100276 -0.106833 -4.05378 0.110436 0.989442 0.0938551 2.89389 0.0962934 -0.10464 0.989837 80.3144
0.989195 -0.10154 -0.105753 -4.22828 0.111423 0.989491 0.0921585 2.98125 0.095284 -0.102946 0.990113 81.0216
0.989649 -0.101471 -0.101478 -4.4483 0.111021 0.989423 0.0933602 3.02874 0.0909316 -0.10366 0.990447 81.7498
0.989472 -0.10069 -0.103957 -4.58277 0.110521 0.989458 0.0935868 3.092 0.0934376 -0.104091 0.990169 82.4781
0.989497 -0.102442 -0.101985 -4.68966 0.111998 0.989361 0.0928488 3.15125 0.0913884 -0.103296 0.990443 83.0733
0.989073 -0.107472 -0.100914 -4.80567 0.116899 0.98881 0.0926773 3.22869 0.0898245 -0.103461 0.990569 83.668
0.989736 -0.105407 -0.0964978 -4.97197 0.114131 0.989394 0.089856 3.29267 0.0860028 -0.0999471 0.991269 84.315
0.989413 -0.108362 -0.096542 -5.051 0.117162 0.988962 0.0906986 3.339 0.0856482 -0.101049 0.991188 84.904
0.989168 -0.111992 -0.0948971 -5.21622 0.120398 0.988814 0.0880423 3.43178 0.0839755 -0.098514 0.991586 85.5948
0.989624 -0.11275 -0.0890622 -5.43304 0.120539 0.988841 0.0875408 3.49906 0.0781982 -0.097368 0.992172 86.3502
0.989523 -0.111141 -0.0921508 -5.49657 0.119092 0.989169 0.0858003 3.58804 0.0816168 -0.0958758 0.992042 87.2209
0.989008 -0.114337 -0.0937538 -5.59164 0.122563 0.988619 0.0872443 3.65672 0.0827115 -0.0977761 0.991765 88.1115
0.98718 -0.120653 -0.104492 -5.50125 0.129504 0.988139 0.0825172 3.82815 0.0932969 -0.0949915 0.991097 88.983
0.986972 -0.120263 -0.106877 -5.57697 0.129353 0.988151 0.0826162 3.88462 0.0956744 -0.0953647 0.990834 89.8304
0.986047 -0.120318 -0.115042 -5.58321 0.130015 0.98821 0.0808519 3.96475 0.103958 -0.0946809 0.990065 90.7186
0.986918 -0.119562 -0.108157 -5.84029 0.128899 0.988103 0.0838937 3.98375 0.0968394 -0.0967375 0.990588 91.6474
0.985959 -0.121986 -0.114039 -5.87792 0.131836 0.987772 0.0832205 4.0522 0.102492 -0.0970864 0.989985 92.5441
0.984873 -0.125245 -0.119746 -5.91891 0.135401 0.987491 0.0807922 4.15966 0.10813 -0.0957838 0.989512 93.4509
0.984667 -0.125577 -0.121083 -6.00852 0.136078 0.987238 0.0827315 4.22135 0.109148 -0.0979397 0.989189 94.3618
0.983921 -0.125051 -0.127521 -6.05839 0.135977 0.987404 0.0808887 4.3139 0.1158 -0.0969281 0.988532 95.3228
0.985349 -0.125333 -0.115668 -6.47976 0.135419 0.987231 0.0838837 4.33768 0.103678 -0.0983184 0.98974 96.3832
0.985739 -0.128432 -0.108742 -6.71701 0.138491 0.986208 0.0906322 4.33568 0.0956017 -0.104399 0.98993 97.1811
0.986702 -0.126402 -0.102186 -6.93104 0.136642 0.985526 0.100336 4.27454 0.0880244 -0.112965 0.989692 98.0112
0.98745 -0.132368 -0.0861435 -7.24503 0.141527 0.983724 0.110711 4.25533 0.0700868 -0.121514 0.990112 98.7884
0.987449 -0.134491 -0.0828047 -7.42772 0.143297 0.983361 0.111656 4.3112 0.0664103 -0.12212 0.990291 99.6048
0.98732 -0.138407 -0.0777336 -7.62485 0.146731 0.982562 0.114198 4.38343 0.0605723 -0.124156 0.990412 100.414
0.985171 -0.151088 -0.081305 -7.59333 0.159523 0.981065 0.10984 4.53699 0.0631699 -0.121181 0.990618 100.962
0.986369 -0.143015 -0.0813832 -7.64887 0.151641 0.982055 0.112126 4.55633 0.0638871 -0.122939 0.990356 101.647
0.985364 -0.148409 -0.0838558 -7.66174 0.157042 0.981671 0.107979 4.6709 0.0662938 -0.119567 0.99061 102.257
0.985009 -0.149666 -0.0857793 -7.66863 0.158437 0.98159 0.106676 4.75328 0.0682342 -0.118668 0.990587 102.882
0.984721 -0.149546 -0.0892178 -7.68215 0.158725 0.981547 0.106642 4.81669 0.0716236 -0.119174 0.990287 103.523
0.98434 -0.150764 -0.0913543 -7.71673 0.160203 0.981297 0.106726 4.88877 0.0735553 -0.11969 0.990083 104.182
0.984806 -0.147715 -0.0913099 -7.7752 0.157166 0.981777 0.106834 4.93965 0.0738649 -0.119562 0.990075 104.835
0.984536 -0.150053 -0.0904074 -7.8559 0.159463 0.981295 0.107852 4.99669 0.0725329 -0.1206 0.990048 105.492
0.986019 -0.141642 -0.087774 -7.98672 0.150734 0.982715 0.107473 5.05532 0.0710342 -0.119201 0.990326 106.206
0.984689 -0.150216 -0.0884513 -8.04065 0.159328 0.981409 0.107013 5.12984 0.0707318 -0.119467 0.990315 106.871
0.984272 -0.154039 -0.0864933 -8.11339 0.162988 0.980672 0.108244 5.19842 0.0681478 -0.120639 0.990355 107.531
0.984157 -0.154801 -0.0864408 -8.18327 0.163656 0.980697 0.107007 5.26714 0.0682074 -0.119458 0.990494 108.2
0.983599 -0.158508 -0.0860713 -8.26097 0.167263 0.980155 0.106393 5.33956 0.0674989 -0.119045 0.990592 108.886
0.984833 -0.152104 -0.0834802 -8.34645 0.160527 0.981356 0.105697 5.38106 0.0658468 -0.117495 0.990888 109.552
0.9859 -0.152048 -0.0698827 -8.69464 0.15879 0.981821 0.103985 5.50303 0.0528016 -0.113615 0.992121 110.452
0.985862 -0.153146 -0.0679893 -8.80884 0.159658 0.9817 0.103805 5.60534 0.0508478 -0.113192 0.992271 111.347
0.986251 -0.151623 -0.0657299 -8.92551 0.157888 0.981979 0.103869 5.67429 0.0487965 -0.112819 0.992417 112.266
0.986936 -0.148848 -0.0616544 -9.09168 0.154729 0.982335 0.105247 5.71992 0.0448995 -0.113412 0.992533 113.235
0.986943 -0.148942 -0.0613098 -9.1472 0.154783 0.982326 0.105255 5.8112 0.0445493 -0.113371 0.992553 114.12
0.986869 -0.149807 -0.060401 -9.21848 0.155617 0.982008 0.106973 5.88659 0.0432889 -0.114968 0.992426 114.995
0.98648 -0.151015 -0.0636521 -9.24198 0.157237 0.98165 0.107888 5.98382 0.0461913 -0.116438 0.992123 115.886
0.986514 -0.151947 -0.0608453 -9.37789 0.157938 0.98128 0.110207 6.06775 0.0429607 -0.11833 0.992044 116.789
0.986799 -0.151825 -0.0563712 -9.53944 0.157412 0.980997 0.113428 6.12315 0.0380787 -0.120804 0.991946 117.722
0.98713 -0.148762 -0.058692 -9.57312 0.154736 0.981171 0.115586 6.17107 0.0403922 -0.12318 0.991562 118.428
0.986738 -0.15123 -0.0589658 -9.61504 0.157199 0.980849 0.114991 6.24273 0.0404464 -0.122735 0.991615 119.104
0.98677 -0.151207 -0.0584881 -9.68883 0.15712 0.980857 0.115037 6.30169 0.039974 -0.122705 0.991638 119.788
0.98685 -0.151061 -0.0575209 -9.76487 0.156827 0.980989 0.11431 6.36809 0.0391595 -0.121828 0.991778 120.507
0.987244 -0.149032 -0.0560169 -9.86007 0.15463 0.981326 0.114409 6.43126 0.0379202 -0.121612 0.991853 121.231
0.987046 -0.150023 -0.0568585 -9.88024 0.155705 0.981194 0.114078 6.49043 0.0386749 -0.121453 0.991843 121.87
0.987442 -0.149575 -0.0508481 -10.0258 0.154509 0.981461 0.11341 6.56408 0.0329421 -0.119842 0.992246 122.611
0.987634 -0.148835 -0.0492711 -10.1082 0.153565 0.98168 0.11279 6.63095 0.0315814 -0.118961 0.992397 123.306
0.987477 -0.150112 -0.0485391 -10.1772 0.154751 0.981478 0.112932 6.70925 0.0306877 -0.119029 0.992416 123.987
0.987501 -0.1507 -0.0461558 -10.2802 0.155088 0.981275 0.114221 6.77756 0.0280784 -0.119952 0.992383 124.692
0.987808 -0.14907 -0.0448814 -10.3554 0.153329 0.981496 0.114698 6.84951 0.0269528 -0.120181 0.992386 125.394
0.987767 -0.149449 -0.0445058 -10.4326 0.153701 0.981258 0.116226 6.90707 0.026302 -0.121644 0.992225 126.099
0.988057 -0.148258 -0.0419875 -10.5206 0.152225 0.981425 0.11676 6.97805 0.023897 -0.121757 0.992272 126.786
0.98823 -0.147674 -0.0399152 -10.6062 0.151396 0.981535 0.116913 7.05214 0.0219131 -0.12158 0.99234 127.461
0.988641 -0.145907 -0.0360624 -10.7072 0.149193 0.981742 0.118 7.10827 0.0181869 -0.12204 0.992359 128.131
0.988897 -0.145204 -0.0315934 -10.817 0.147951 0.98193 0.117996 7.18385 0.013889 -0.121361 0.992511 128.823
0.988822 -0.145935 -0.0305717 -10.9137 0.148555 0.98182 0.118154 7.24814 0.0127731 -0.121374 0.992525 129.517
0.988789 -0.14769 -0.0220115 -11.0746 0.149269 0.981558 0.119425 7.30706 0.00396761 -0.121372 0.992599 130.164
0.988506 -0.149682 -0.0212304 -11.0963 0.151159 0.980903 0.122395 7.34333 0.00250468 -0.124197 0.992254 130.76
0.988826 -0.147558 -0.0211927 -11.1441 0.149046 0.981277 0.121985 7.42416 0.002796 -0.123781 0.992306 131.435
0.988802 -0.147381 -0.0234323 -11.1283 0.149143 0.981387 0.120977 7.49594 0.00516655 -0.123117 0.992379 132.05
0.988242 -0.150995 -0.0240666 -11.1324 0.152789 0.981223 0.11772 7.61895 0.00583964 -0.120013 0.992755 132.638
0.987715 -0.154543 -0.0231635 -11.1643 0.156199 0.980787 0.116866 7.70335 0.00465766 -0.119049 0.992877 133.233
0.988099 -0.152374 -0.0210173 -11.2159 0.1538 0.98073 0.120475 7.72789 0.00225498 -0.122274 0.992494 133.87
0.987617 -0.154921 -0.0247361 -11.2153 0.156785 0.980243 0.120592 7.80385 0.00556514 -0.122977 0.992394 134.591
0.987911 -0.153694 -0.0202457 -11.2757 0.155019 0.980228 0.122972 7.84965 0.000945362 -0.124624 0.992204 135.238
0.989461 -0.142259 -0.0270227 -11.1796 0.144529 0.981713 0.123903 7.8723 0.00890228 -0.126502 0.991926 135.771
0.989099 -0.145542 -0.0223536 -11.2435 0.147209 0.980902 0.127128 7.91474 0.00342417 -0.129033 0.991634 136.421
0.989689 -0.141452 -0.0225282 -11.2641 0.143181 0.981302 0.128628 7.96144 0.00391228 -0.130527 0.991437 137.043
0.989804 -0.140764 -0.0217852 -11.2795 0.142402 0.981423 0.128572 8.02348 0.00328222 -0.130363 0.991461 137.627
0.98975 -0.141211 -0.0213204 -11.2976 0.14278 0.981581 0.126936 8.09447 0.00300298 -0.128679 0.991682 138.223
0.989325 -0.144245 -0.0207233 -11.297 0.145715 0.980973 0.128292 8.15541 0.00182349 -0.129942 0.99152 138.775
0.98966 -0.141922 -0.020774 -11.3187 0.143417 0.98138 0.127768 8.2135 0.002254 -0.129426 0.991586 139.369
0.989797 -0.140963 -0.0207881 -11.3304 0.142468 0.98151 0.12783 8.26508 0.00238444 -0.129487 0.991578 139.967
0.989978 -0.139818 -0.0198532 -11.3585 0.141212 0.981667 0.128018 8.32546 0.00158993 -0.129539 0.991573 140.569
0.990134 -0.13898 -0.0178877 -11.3975 0.140125 0.981465 0.130731 8.38068 -0.000612817 -0.131948 0.991256 141.203
0.989653 -0.142112 -0.0197568 -11.3906 0.143476 0.98109 0.129914 8.4631 0.000920894 -0.131405 0.991328 141.804
0.989507 -0.142726 -0.0224553 -11.3684 0.144448 0.980594 0.13255 8.517 0.00310118 -0.134403 0.990922 142.342
0.989151 -0.145228 -0.0221306 -11.3853 0.146882 0.980307 0.131999 8.59336 0.0025249 -0.133817 0.991003 142.952
0.988106 -0.151935 -0.0237254 -11.364 0.153723 0.979992 0.12643 8.69736 0.00404158 -0.128574 0.991692 143.479
0.987984 -0.152326 -0.0261482 -11.3629 0.154434 0.979654 0.128169 8.75009 0.00609271 -0.130667 0.991408 144.079
0.987811 -0.153612 -0.0251519 -11.3952 0.155576 0.97955 0.127585 8.83032 0.00503884 -0.129943 0.991509 144.692
0.987842 -0.153407 -0.025181 -11.4077 0.155372 0.979685 0.126797 8.90761 0.00521796 -0.129168 0.991609 145.268
0.98793 -0.152574 -0.0267509 -11.4164 0.154753 0.979705 0.127399 8.97819 0.00677021 -0.130001 0.991491 145.883
0.988244 -0.150278 -0.0281242 -11.4115 0.152658 0.979982 0.12779 9.04569 0.00835729 -0.130581 0.991402 146.443
0.987798 -0.153121 -0.0284464 -11.433 0.155511 0.979675 0.126701 9.12074 0.00846758 -0.129579 0.991533 147.014
0.987432 -0.155929 -0.0257769 -11.4689 0.157943 0.979429 0.12559 9.19811 0.00566351 -0.128083 0.991747 147.573
0.987266 -0.156652 -0.0276654 -11.471 0.158903 0.979269 0.125624 9.26443 0.00741273 -0.12842 0.991692 148.14
0.986964 -0.158415 -0.0284162 -11.4816 0.160733 0.979206 0.123773 9.34313 0.00821783 -0.126727 0.991904 148.694
0.987106 -0.157293 -0.0296865 -11.4819 0.159784 0.979323 0.124075 9.40873 0.0095566 -0.127218 0.991829 149.26
0.987051 -0.157087 -0.0324714 -11.4749 0.159922 0.979434 0.123018 9.48525 0.0124791 -0.126618 0.991873 149.794
0.987073 -0.15673 -0.0334933 -11.488 0.159689 0.979542 0.122459 9.54853 0.0136152 -0.126224 0.991908 150.351
0.987151 -0.156191 -0.0337355 -11.5104 0.159178 0.979682 0.122006 9.61134 0.0139938 -0.125809 0.991956 150.919
0.987338 -0.15484 -0.03446 -11.5244 0.157934 0.979847 0.122299 9.67468 0.0148287 -0.126193 0.991895 151.485
0.987099 -0.156298 -0.0347255 -11.5485 0.159405 0.979685 0.121688 9.74471 0.0150005 -0.125653 0.991961 152.04
0.986934 -0.157702 -0.0330474 -11.5944 0.160574 0.979619 0.120675 9.80871 0.0133431 -0.124405 0.992142 152.619
0.987385 -0.15471 -0.0336885 -11.6095 0.157683 0.980096 0.120614 9.86129 0.0143578 -0.124405 0.992128 153.18
0.987333 -0.154728 -0.0351126 -11.6147 0.157877 0.98007 0.120573 9.92445 0.0157568 -0.124589 0.992083 153.702
0.98744 -0.153385 -0.0378864 -11.6222 0.156853 0.98048 0.11856 9.99048 0.0189614 -0.123014 0.992224 154.248
0.986682 -0.158134 -0.038099 -11.6382 0.161591 0.979727 0.118423 10.0563 0.0185999 -0.123003 0.992232 154.787
0.986526 -0.158816 -0.0393022 -11.6443 0.162403 0.979682 0.117681 10.1249 0.0198141 -0.122478 0.992273 155.313
0.986143 -0.161394 -0.0383981 -11.6766 0.164847 0.979307 0.117404 10.1855 0.0186553 -0.122106 0.992342 155.861
0.986752 -0.158167 -0.0361114 -11.7181 0.161419 0.979473 0.120735 10.2174 0.0162739 -0.124964 0.992028 156.43
0.986843 -0.157412 -0.0369187 -11.7277 0.160756 0.979683 0.11991 10.2785 0.0172934 -0.124268 0.992098 156.982
0.986812 -0.156725 -0.0404882 -11.7037 0.160503 0.979815 0.119168 10.3535 0.0209943 -0.124095 0.992048 157.527
0.986569 -0.156491 -0.0468216 -11.6627 0.16111 0.979497 0.120949 10.3795 0.0269341 -0.126868 0.991554 158.045
0.986498 -0.15594 -0.0500514 -11.6724 0.161015 0.979343 0.122321 10.4225 0.0299427 -0.128728 0.991228 158.556
0.986581 -0.155687 -0.0491844 -11.7092 0.160703 0.979175 0.124056 10.4604 0.0288462 -0.130296 0.991055 159.084
0.986685 -0.154926 -0.0495032 -11.7278 0.160023 0.979139 0.125216 10.5046 0.0290714 -0.13147 0.990894 159.619
0.986711 -0.154509 -0.0502746 -11.766 0.15976 0.978971 0.126853 10.555 0.0296174 -0.133199 0.990647 160.195
0.986833 -0.153747 -0.0502181 -11.805 0.158979 0.979178 0.126241 10.6232 0.0297632 -0.132563 0.990728 160.758
0.986666 -0.154018 -0.0526138 -11.8262 0.159643 0.978756 0.128649 10.6668 0.0316818 -0.135333 0.990293 161.303
0.986721 -0.153351 -0.0535309 -11.8536 0.159107 0.978839 0.12868 10.7291 0.032665 -0.135488 0.99024 161.863
0.987036 -0.152522 -0.0499693 -11.9182 0.157831 0.978918 0.129652 10.7652 0.0291411 -0.135858 0.9903 162.348
0.986758 -0.154688 -0.0487841 -12.0266 0.159846 0.978455 0.130674 10.8345 0.0275193 -0.136742 0.990224 162.822
0.986498 -0.155146 -0.0524489 -11.9991 0.160798 0.978324 0.130484 10.8942 0.031068 -0.137156 0.990062 163.344
0.986411 -0.155244 -0.0537784 -12.0213 0.161074 0.978297 0.13035 10.9622 0.0323751 -0.137241 0.990008 163.918
0.986747 -0.153635 -0.0522187 -12.0933 0.159273 0.978551 0.130653 11.0393 0.0310259 -0.137238 0.990052 164.539
0.987128 -0.151491 -0.0512778 -12.1636 0.157008 0.978956 0.130357 11.1095 0.0304508 -0.13673 0.99014 165.173
0.986921 -0.151558 -0.0549279 -12.1695 0.157485 0.97923 0.127698 11.2014 0.0344334 -0.134678 0.990291 165.771
0.987302 -0.149205 -0.0545316 -12.2186 0.155194 0.979222 0.130538 11.2526 0.0339216 -0.137343 0.989943 166.403
0.987537 -0.148451 -0.052273 -12.2843 0.154182 0.979188 0.131982 11.3138 0.0315922 -0.138397 0.989873 167.043
0.988462 -0.142859 -0.0503467 -12.3339 0.148377 0.980058 0.132173 11.3999 0.0304607 -0.138118 0.989947 167.706
0.988148 -0.144032 -0.0530807 -12.3477 0.149948 0.9797 0.133053 11.4678 0.0328392 -0.139436 0.989686 168.348
0.988141 -0.144093 -0.0530583 -12.417 0.150094 0.979312 0.135722 11.5294 0.0324039 -0.142077 0.989325 168.95
0.987867 -0.145118 -0.055316 -12.4353 0.151559 0.978566 0.139424 11.5916 0.0338975 -0.146116 0.988687 169.614
0.988176 -0.143925 -0.0528525 -12.5189 0.150136 0.97824 0.143197 11.6573 0.0310928 -0.149439 0.988282 170.293
0.988539 -0.141694 -0.0520874 -12.5818 0.147923 0.978052 0.146744 11.7306 0.0301514 -0.152767 0.987802 170.997
0.988633 -0.141381 -0.0511473 -12.6637 0.14751 0.977904 0.148134 11.8134 0.0290738 -0.153995 0.987644 171.667
0.988104 -0.142089 -0.0588312 -12.5756 0.149444 0.977435 0.149291 11.8905 0.0362911 -0.156307 0.987042 172.215
0.987468 -0.144557 -0.063326 -12.5883 0.152678 0.976608 0.151417 11.9659 0.0399561 -0.159188 0.986439 172.858
0.986288 -0.1497 -0.0694739 -12.5319 0.158649 0.97599 0.149243 12.0861 0.0454643 -0.158218 0.986357 173.434
0.98662 -0.148668 -0.0669265 -12.6208 0.157217 0.976248 0.14907 12.1886 0.043175 -0.157597 0.986559 174.117
0.986314 -0.148517 -0.0716043 -12.5853 0.157795 0.976199 0.148785 12.2565 0.0478029 -0.158047 0.986274 174.718
0.986582 -0.147327 -0.0703553 -12.6641 0.156496 0.97616 0.1504 12.3388 0.0465201 -0.159392 0.986119 175.456
0.986704 -0.146766 -0.0698252 -12.7594 0.155799 0.976459 0.149177 12.4583 0.0462874 -0.158072 0.986342 176.181
0.986106 -0.148262 -0.0749199 -12.7423 0.158323 0.975348 0.153723 12.5217 0.0502817 -0.163449 0.98527 176.83
0.986309 -0.146641 -0.0754454 -12.8106 0.156948 0.975133 0.156473 12.5751 0.0506239 -0.166172 0.984797 177.493
0.986648 -0.144877 -0.0744095 -12.8926 0.155131 0.975109 0.158422 12.636 0.0496057 -0.167849 0.984564 178.128
0.987396 -0.140977 -0.0719378 -13.0038 0.150966 0.975404 0.160613 12.6752 0.0475257 -0.169449 0.984392 178.754
0.987699 -0.141055 -0.0674882 -13.1521 0.150277 0.975552 0.160361 12.7671 0.0432186 -0.16853 0.984749 179.415
0.98784 -0.139967 -0.0676877 -13.2285 0.149412 0.975022 0.16434 12.7972 0.0429948 -0.172455 0.984079 180.014
0.988059 -0.138682 -0.0671338 -13.3328 0.148055 0.975199 0.16452 12.9049 0.0426528 -0.172495 0.984087 180.712
0.98815 -0.138178 -0.0668244 -13.4213 0.14768 0.974557 0.168613 12.9441 0.0418256 -0.176483 0.983415 181.384
0.988465 -0.13823 -0.0618795 -13.5819 0.146912 0.97442 0.170066 13.015 0.0367884 -0.177195 0.983488 182.056
0.988547 -0.138872 -0.0590648 -13.7264 0.147021 0.97453 0.169339 13.104 0.0340439 -0.176084 0.983786 182.747
0.988661 -0.138582 -0.0578217 -13.8335 0.14654 0.974477 0.170062 13.1955 0.0327783 -0.176607 0.983735 183.42
0.98886 -0.138551 -0.0543974 -13.9653 0.145923 0.974461 0.17068 13.2952 0.0293603 -0.176716 0.983824 184.136
0.988577 -0.142372 -0.0494464 -14.1122 0.148908 0.973303 0.174666 13.3628 0.0232588 -0.180034 0.983385 184.819
0.988499 -0.145062 -0.042735 -14.2915 0.150396 0.972567 0.177467 13.4432 0.0158189 -0.181853 0.983198 185.542
0.989214 -0.142301 -0.0347378 -14.4962 0.146217 0.973468 0.176015 13.5592 0.00876907 -0.179195 0.983774 186.261
0.989391 -0.142927 -0.0260196 -14.817 0.145275 0.973879 0.174512 13.7114 0.000397534 -0.176441 0.984311 187.163
0.989116 -0.14595 -0.0186746 -15.0917 0.146959 0.973617 0.174567 13.8623 -0.00729615 -0.175411 0.984468 188.086
0.989224 -0.145996 -0.0110269 -15.3473 0.145679 0.973956 0.173743 14.0271 -0.014626 -0.173477 0.984729 188.985
0.989715 -0.14246 -0.0130215 -15.3137 0.142532 0.974239 0.174766 14.0981 -0.0122112 -0.174825 0.984524 189.565
0.990122 -0.13902 -0.018201 -15.2361 0.14005 0.974512 0.175251 14.1736 -0.00662641 -0.176069 0.984355 190.099
0.989808 -0.140369 -0.0240082 -15.1652 0.142403 0.97425 0.174812 14.2748 -0.00114816 -0.176449 0.984309 190.675
0.990662 -0.133191 -0.0291408 -15.0886 0.136261 0.97455 0.178001 14.3357 0.004691 -0.18031 0.983599 191.25
0.98945 -0.141109 -0.032819 -15.0599 0.144714 0.973332 0.177997 14.4648 0.00682675 -0.180868 0.983484 191.831
0.989916 -0.137902 -0.0323883 -15.1117 0.141488 0.973639 0.178908 14.585 0.00686272 -0.181686 0.983333 192.514
0.989826 -0.139081 -0.0300098 -15.2824 0.142218 0.973435 0.179437 14.7392 0.0042562 -0.18188 0.983312 193.429
0.989786 -0.139649 -0.0286569 -15.3736 0.142527 0.973618 0.178197 14.8973 0.00301573 -0.180462 0.983577 194.22
0.989327 -0.142421 -0.0308037 -15.3959 0.145625 0.973761 0.174877 15.1355 0.0050894 -0.177496 0.984108 195.136
0.989417 -0.142038 -0.0296471 -15.4932 0.145052 0.973411 0.177289 15.2622 0.00367702 -0.179713 0.983712 196.091
0.989573 -0.140815 -0.0302786 -15.577 0.143954 0.973909 0.175436 15.4308 0.00478462 -0.177965 0.984025 197.078
0.989493 -0.142262 -0.0257724 -15.7569 0.144578 0.973656 0.176328 15.5746 8.60392e-06 -0.178202 0.983994 198.08
0.989697 -0.141049 -0.0245863 -15.9709 0.143175 0.974301 0.173893 15.8091 -0.00057302 -0.175622 0.984458 199.266
0.989008 -0.146055 -0.0230298 -16.0758 0.147833 0.973781 0.172907 16.0373 -0.00282794 -0.174411 0.984669 200.281
0.98809 -0.151437 -0.0273103 -16.0217 0.153879 0.972898 0.172598 16.2185 0.000432448 -0.174745 0.984614 201.158
0.987283 -0.155642 -0.0323713 -15.9524 0.158894 0.97253 0.170111 16.438 0.0050057 -0.173091 0.984893 202.066
0.98702 -0.158865 -0.0235216 -16.1969 0.160543 0.972259 0.17011 16.6132 -0.00415546 -0.171678 0.985144 203.101
0.98597 -0.165736 -0.019889 -16.4065 0.166713 0.971699 0.167356 16.8444 -0.00841088 -0.168324 0.985696 204.224
0.984562 -0.174614 -0.0121762 -16.6396 0.174207 0.97074 0.165274 17.0793 -0.0170392 -0.164844 0.986173 205.31
0.984393 -0.175228 -0.0163025 -16.6003 0.175515 0.97078 0.163649 17.2039 -0.0128497 -0.163956 0.986384 206.011
0.983996 -0.177124 -0.0194741 -16.5358 0.177898 0.970234 0.16431 17.2994 -0.0102088 -0.165145 0.986216 206.65
0.983589 -0.179194 -0.0210398 -16.5237 0.180228 0.970381 0.160868 17.4454 -0.00840998 -0.16202 0.986752 207.354
0.983915 -0.177187 -0.0227205 -16.4648 0.178528 0.970868 0.159823 17.5217 -0.00625993 -0.161308 0.986884 207.97
0.982858 -0.183217 -0.020543 -16.5195 0.184138 0.970003 0.158706 17.6581 -0.00915089 -0.159768 0.987112 208.762
0.982547 -0.185051 -0.0189256 -16.5553 0.185675 0.96949 0.160042 17.7845 -0.0112678 -0.160763 0.986929 209.513
0.982462 -0.185767 -0.0160682 -16.6279 0.18587 0.968845 0.16368 17.9323 -0.0148387 -0.163796 0.986383 210.369
0.981681 -0.190095 -0.012928 -16.6797 0.189619 0.968076 0.163934 18.0684 -0.0186476 -0.163382 0.986387 211.171
0.981858 -0.189345 -0.010124 -16.7374 0.188442 0.968456 0.163044 18.1947 -0.021067 -0.161994 0.986567 212.044
0.981901 -0.189395 -0.000820351 -16.8991 0.187074 0.969176 0.160315 18.3541 -0.0295677 -0.157567 0.987066 212.976
0.982585 -0.185789 0.00288142 -16.9648 0.18297 0.970144 0.159191 18.4969 -0.0323714 -0.155892 0.987244 213.987
0.98293 -0.183638 0.0112108 -17.0967 0.179655 0.971176 0.156656 18.6631 -0.0396557 -0.151968 0.98759 214.969
0.982847 -0.183766 0.0155727 -17.1503 0.179094 0.971184 0.157247 18.7726 -0.0440206 -0.15176 0.987437 215.866
0.982833 -0.183758 0.0164993 -17.1651 0.178947 0.971218 0.157208 18.9065 -0.0449126 -0.151557 0.987428 216.801
0.983104 -0.181959 0.019956 -17.2121 0.176493 0.971155 0.16034 19.01 -0.0485558 -0.154109 0.98686 217.732
0.983731 -0.178273 0.0221766 -17.2476 0.172446 0.971679 0.161559 19.1411 -0.0503501 -0.155107 0.986614 218.711
0.984618 -0.173049 0.0241342 -17.2906 0.166898 0.972378 0.163175 19.2726 -0.0517049 -0.156637 0.986302 219.704
0.984664 -0.172732 0.0245088 -17.2832 0.166312 0.971793 0.16721 19.3782 -0.0526999 -0.160569 0.985617 220.631
0.985241 -0.169977 0.0202093 -17.2079 0.164169 0.971741 0.169613 19.4922 -0.0484685 -0.163792 0.985303 221.49
0.984355 -0.174932 0.0210841 -17.2208 0.168904 0.970902 0.169769 19.6566 -0.0501685 -0.163552 0.985258 222.42
0.984776 -0.1727 0.0197545 -17.1939 0.166888 0.971131 0.170451 19.8042 -0.0486211 -0.164559 0.985168 223.37
0.984776 -0.172553 0.0210282 -17.1948 0.16639 0.970718 0.173266 19.9052 -0.05031 -0.167129 0.984651 224.388
0.984758 -0.172916 0.0187378 -17.1697 0.167145 0.970636 0.172999 20.0929 -0.0481019 -0.16723 0.984744 225.572
0.984897 -0.172746 0.0116816 -17.0248 0.168366 0.971289 0.168076 20.3797 -0.0403808 -0.163571 0.985705 226.718
0.985123 -0.17166 0.00804762 -16.934 0.167892 0.971377 0.168046 20.5596 -0.0366641 -0.164195 0.985746 227.892
0.984431 -0.175719 0.00439066 -16.851 0.172522 0.970698 0.167276 20.7745 -0.0336555 -0.163914 0.9859 229.055
0.983665 -0.179982 -0.00316392 -16.7032 0.177994 0.969878 0.166298 21.0128 -0.0268619 -0.164145 0.98607 230.213
0.982754 -0.184915 -0.00129512 -16.9147 0.18265 0.969575 0.16298 21.322 -0.0288816 -0.160405 0.986629 231.683
0.982882 -0.184209 0.00304968 -16.994 0.181221 0.969656 0.164092 21.4911 -0.0331843 -0.160731 0.98644 232.889
0.982769 -0.184803 0.00370978 -17.0185 0.181775 0.969918 0.161917 21.7097 -0.033521 -0.158453 0.986797 234.122
0.982649 -0.185473 2.64068e-05 -16.9731 0.183112 0.970159 0.158941 21.9306 -0.0295049 -0.156178 0.987288 235.284
0.982273 -0.187454 0.00123858 -16.984 0.184855 0.969711 0.159651 22.0829 -0.0311281 -0.156591 0.987173 236.361
0.982325 -0.187182 -0.000800512 -16.9621 0.184977 0.970084 0.15723 22.2661 -0.0286541 -0.154599 0.987562 237.456
0.982818 -0.184577 0.000434933 -16.9783 0.182241 0.970745 0.156343 22.4573 -0.0292795 -0.153577 0.987703 238.59
0.982909 -0.184042 0.00419509 -17.0244 0.181182 0.971164 0.154964 22.6699 -0.0325941 -0.151556 0.987911 239.75
0.982214 -0.187756 0.00204122 -16.9746 0.185116 0.970108 0.156914 22.8404 -0.0314417 -0.153745 0.98761 240.945
0.981992 -0.188919 0.0005063 -16.9589 0.186515 0.969912 0.156471 23.03 -0.0300514 -0.153558 0.987683 242.263
0.981069 -0.193518 -0.00732009 -16.8744 0.192358 0.969428 0.152342 23.2975 -0.0223846 -0.150866 0.988301 243.63
0.980621 -0.195661 -0.00997467 -16.8601 0.194907 0.969145 0.150896 23.5207 -0.0198576 -0.149916 0.988499 244.993
0.980991 -0.19394 -0.00663526 -16.8971 0.192683 0.969437 0.151874 23.6681 -0.0230219 -0.150266 0.988378 246.203
0.981008 -0.193735 -0.0095368 -16.8982 0.192951 0.969645 0.150194 23.868 -0.0198505 -0.149181 0.988611 247.498
0.981159 -0.192724 -0.0136069 -16.873 0.192558 0.9697 0.150341 24.0377 -0.0157798 -0.150129 0.98854 248.716
0.981079 -0.192825 -0.017421 -16.8606 0.193225 0.969479 0.150911 24.21 -0.01221 -0.151421 0.988394 249.954
0.981468 -0.190984 -0.0156564 -16.9534 0.191115 0.969631 0.15261 24.37 -0.0139651 -0.152774 0.988162 251.271
0.981216 -0.192175 -0.0168537 -17.0044 0.192451 0.969091 0.154355 24.5471 -0.0133303 -0.154699 0.987872 252.574
0.981753 -0.189472 -0.0161489 -17.0868 0.189646 0.969328 0.156329 24.7132 -0.0139664 -0.156539 0.987573 253.954
0.981389 -0.19124 -0.0174236 -17.134 0.1916 0.969049 0.155672 24.9112 -0.0128864 -0.156113 0.987655 255.283
0.982391 -0.186486 -0.0114555 -17.2951 0.186 0.97035 0.154356 25.1114 -0.0176694 -0.153769 0.987949 256.653
0.981895 -0.189399 -0.00328324 -17.5235 0.187743 0.970713 0.149897 25.4002 -0.0252033 -0.1478 0.988696 258.171
0.981589 -0.191003 0.000597748 -17.6325 0.188791 0.970687 0.148745 25.6371 -0.028991 -0.145894 0.988875 259.667
0.980644 -0.195714 0.00580289 -17.7818 0.192834 0.970507 0.144676 25.9225 -0.0339467 -0.140756 0.989462 261.171
0.980023 -0.198801 0.0057744 -17.7955 0.195902 0.969929 0.14443 26.1381 -0.0343135 -0.140413 0.989498 262.497
0.9799 -0.199439 0.00451487 -17.7939 0.196716 0.969789 0.144263 26.3341 -0.0331502 -0.140475 0.989529 263.838
0.980415 -0.196907 0.00363407 -17.7567 0.194312 0.970172 0.144945 26.4753 -0.0320663 -0.1414 0.989433 265.107
0.979857 -0.19967 0.00346217 -17.792 0.197131 0.96988 0.143082 26.6838 -0.031927 -0.139517 0.989705 266.495
0.980725 -0.195289 0.00636791 -17.8854 0.192373 0.970765 0.143551 26.8497 -0.0342157 -0.139559 0.989622 267.894
0.981406 -0.19145 0.0137269 -17.9657 0.187576 0.971793 0.142948 27.0168 -0.0407072 -0.137715 0.989635 269.134
0.981486 -0.191059 0.0134581 -17.9659 0.187186 0.971728 0.143897 27.1934 -0.0405704 -0.138714 0.989501 270.483
0.981577 -0.190548 0.0140896 -17.976 0.186646 0.97202 0.142621 27.3839 -0.0408715 -0.137364 0.989677 271.83
0.981473 -0.191137 0.0133118 -17.9951 0.1873 0.971766 0.143493 27.5471 -0.0403628 -0.138341 0.989562 273.212
0.981449 -0.191142 0.0149296 -18.0144 0.187059 0.971732 0.144036 27.7136 -0.0420389 -0.138571 0.98946 274.527
0.981717 -0.18959 0.0169437 -18.0267 0.185319 0.972319 0.142312 27.8975 -0.0434557 -0.13657 0.989677 275.887
0.98197 -0.188442 0.0149738 -18.0012 0.184504 0.972655 0.141066 28.0606 -0.0411472 -0.13576 0.989887 277.265
0.982196 -0.187234 0.0153108 -17.9732 0.183359 0.97321 0.138715 28.2475 -0.0408729 -0.133438 0.990214 278.587
0.982958 -0.18348 0.0113697 -17.8694 0.180109 0.97359 0.140296 28.3492 -0.036811 -0.135857 0.990044 279.868
0.983137 -0.182839 0.00338201 -17.7872 0.180547 0.973415 0.140946 28.5224 -0.0290625 -0.137958 0.990012 281.333
0.983145 -0.182809 0.00257174 -17.796 0.180602 0.973272 0.14186 28.6701 -0.0284363 -0.139005 0.989883 282.693
0.983572 -0.180508 0.00143392 -17.7874 0.178518 0.973844 0.140568 28.8492 -0.0267701 -0.138003 0.99007 283.986
0.982591 -0.185781 -0.000836138 -17.7163 0.18404 0.972748 0.141033 29.0124 -0.0253879 -0.138732 0.990005 285.209
0.985323 -0.1707 -0.000966102 -17.6758 0.169134 0.975486 0.140787 29.1183 -0.0230898 -0.138884 0.990039 286.482
0.985563 -0.169237 -0.00496669 -17.6603 0.168231 0.975557 0.141372 29.2952 -0.01908 -0.140166 0.989944 287.931
0.98495 -0.172792 -0.00412896 -17.7376 0.171605 0.974773 0.142721 29.4815 -0.0206362 -0.141281 0.989754 289.347
0.984701 -0.174239 -0.00237277 -17.8131 0.172774 0.97447 0.143376 29.6589 -0.0226695 -0.141593 0.989665 290.722
0.983876 -0.17884 -0.00188184 -17.8513 0.177248 0.973606 0.143787 29.8495 -0.0238826 -0.141802 0.989607 292.043
0.983837 -0.179066 0.000976087 -17.9301 0.177076 0.973686 0.143457 30.0312 -0.0266386 -0.140965 0.989656 293.49
0.983767 -0.179426 -0.00289253 -17.8724 0.178003 0.973668 0.142427 30.1964 -0.0227387 -0.14063 0.989801 294.816
0.983863 -0.178891 -0.00354418 -17.8996 0.177564 0.973744 0.142452 30.369 -0.0220322 -0.140783 0.989795 296.195
0.984204 -0.176934 -0.00598858 -17.8844 0.175947 0.97385 0.143733 30.5224 -0.0195993 -0.142517 0.989598 297.522
0.983441 -0.181157 -0.00510132 -17.9383 0.179998 0.973097 0.143814 30.7346 -0.0210888 -0.142351 0.989592 298.984
0.982881 -0.184137 -0.00615338 -17.9589 0.18319 0.973174 0.13919 30.9873 -0.0196417 -0.137934 0.990247 300.387
0.983086 -0.18314 0.00116533 -18.1026 0.181201 0.973566 0.13905 31.1586 -0.0266 -0.136487 0.990285 301.794
0.98336 -0.181435 0.00922437 -18.2439 0.17844 0.974162 0.138447 31.3173 -0.0341051 -0.134497 0.990327 303.216
0.983234 -0.181997 0.0112817 -18.2861 0.178741 0.97419 0.137857 31.483 -0.0360802 -0.13353 0.990388 304.628
0.983786 -0.1787 0.015179 -18.3375 0.17496 0.974893 0.137739 31.6414 -0.0394119 -0.13285 0.990352 306.034
0.983778 -0.17765 0.0249097 -18.4765 0.172452 0.974818 0.141383 31.7559 -0.0493992 -0.134794 0.989641 307.444
0.983903 -0.176826 0.0258483 -18.4854 0.171508 0.974984 0.141389 31.9185 -0.0502029 -0.13468 0.989617 308.798
0.98428 -0.174005 0.0302629 -18.5513 0.167942 0.975134 0.1446 32.0797 -0.0546715 -0.137244 0.989027 310.153
0.984397 -0.174024 0.0260282 -18.4952 0.168426 0.974706 0.146907 32.2397 -0.0509351 -0.140231 0.988808 311.531
0.983839 -0.177095 0.0264142 -18.4749 0.171468 0.974335 0.145845 32.4325 -0.0515646 -0.138959 0.988955 312.946
0.984276 -0.174849 0.0250525 -18.4589 0.16936 0.974482 0.147319 32.6084 -0.0501719 -0.14076 0.988772 314.321
0.984304 -0.174424 0.0268873 -18.5073 0.168788 0.974891 0.14525 32.7814 -0.0515473 -0.138432 0.98903 315.661
0.983891 -0.177007 0.0250265 -18.4796 0.171771 0.974859 0.141931 32.9637 -0.0495201 -0.135346 0.98956 316.901
0.98355 -0.178997 0.0242666 -18.4638 0.173904 0.974651 0.140761 33.1453 -0.0488472 -0.134225 0.989746 318.212
0.982983 -0.181899 0.025621 -18.5004 0.176614 0.974206 0.140468 33.3002 -0.0505111 -0.133552 0.989754 319.524
0.983069 -0.181459 0.0254379 -18.5017 0.17591 0.973495 0.146159 33.3426 -0.0512854 -0.139209 0.988934 320.97
0.982759 -0.183515 0.0225198 -18.4389 0.178307 0.97292 0.147084 33.4982 -0.048902 -0.140533 0.988868 322.331
0.982726 -0.184238 0.017512 -18.3694 0.179649 0.972401 0.148873 33.6875 -0.0444567 -0.143155 0.988701 323.7
0.982732 -0.184015 0.0193776 -18.424 0.179087 0.972259 0.150466 33.8395 -0.0465279 -0.144397 0.988425 324.884
0.982842 -0.183841 0.0149861 -18.3509 0.179516 0.972052 0.151293 34.0042 -0.0423812 -0.146007 0.988375 326.115
0.983093 -0.182068 0.0194986 -18.4663 0.176952 0.972014 0.154519 34.1426 -0.047086 -0.148456 0.987797 327.456
0.982867 -0.182967 0.0222425 -18.5331 0.177401 0.97183 0.155164 34.311 -0.0500058 -0.14856 0.987638 328.743
0.98278 -0.183141 0.0245558 -18.5899 0.177234 0.971876 0.155067 34.4762 -0.0522642 -0.148044 0.987599 329.999
0.982863 -0.182257 0.0276232 -18.6607 0.17589 0.972073 0.15536 34.6371 -0.0551673 -0.147839 0.987472 331.234
0.982664 -0.183116 0.0289978 -18.7076 0.176461 0.97176 0.156663 34.8022 -0.0568664 -0.14883 0.987226 332.436
0.982803 -0.1819 0.0317953 -18.7681 0.174928 0.972267 0.155232 34.9875 -0.0591501 -0.147 0.987366 333.645
0.982961 -0.180429 0.0351235 -18.8254 0.173024 0.972711 0.154582 35.1623 -0.0620561 -0.145871 0.987355 334.855
0.983527 -0.177697 0.0331432 -18.8322 0.170726 0.973419 0.152668 35.3471 -0.0593908 -0.144495 0.987722 336.021
0.984438 -0.172529 0.0334076 -18.8771 0.165184 0.97334 0.159133 35.3601 -0.0599719 -0.151138 0.986692 337.137
0.984896 -0.170887 0.0278814 -18.7982 0.164337 0.973296 0.160279 35.4825 -0.0545264 -0.153276 0.986678 338.293
0.984855 -0.170763 0.0300228 -18.8745 0.163856 0.973292 0.160791 35.6141 -0.0566781 -0.153436 0.986532 339.44
0.985119 -0.169577 0.0280095 -18.8472 0.163039 0.973563 0.159978 35.7674 -0.0543975 -0.15303 0.986723 340.488
0.985392 -0.168734 0.0230592 -18.8158 0.162915 0.973415 0.161001 35.9082 -0.0496126 -0.154893 0.986685 341.62
0.985908 -0.165033 0.0273816 -18.9081 0.158447 0.973714 0.163633 36.036 -0.0536667 -0.156989 0.986141 342.784
0.986201 -0.16358 0.0254931 -18.921 0.157093 0.973233 0.167748 36.1286 -0.0522509 -0.161428 0.9855 343.855
0.98644 -0.161448 0.0295129 -19.0321 0.154297 0.97355 0.168501 36.2937 -0.0559364 -0.161662 0.98526 344.994
0.986639 -0.160107 0.0301434 -19.0728 0.152921 0.973917 0.167634 36.4697 -0.0561966 -0.160785 0.985388 346.081
0.986892 -0.158642 0.0296047 -19.0478 0.151503 0.973961 0.168662 36.6232 -0.0555906 -0.161966 0.985229 347.219
0.987022 -0.158016 0.0286227 -19.0162 0.151039 0.974011 0.168787 36.7982 -0.0545499 -0.162273 0.985237 348.388
0.987235 -0.156885 0.0274543 -18.98 0.150138 0.974233 0.168313 36.9689 -0.0531526 -0.162043 0.985351 349.524
0.987505 -0.155302 0.0267291 -18.9603 0.148656 0.974334 0.169039 37.1109 -0.0522953 -0.162953 0.985247 350.635
0.9876 -0.154512 0.0277914 -18.9571 0.147714 0.974514 0.168826 37.2337 -0.0531688 -0.162627 0.985254 351.625
0.987562 -0.155267 0.0247578 -18.9181 0.148897 0.974141 0.169938 37.3818 -0.0505033 -0.164138 0.985144 352.682
0.98799 -0.152378 0.0256419 -18.9332 0.145838 0.974387 0.171175 37.5273 -0.0510684 -0.165379 0.984907 353.729
0.987522 -0.155096 0.027322 -18.9615 0.148277 0.97414 0.170484 37.6958 -0.0530569 -0.164306 0.984982 354.764
0.987325 -0.156198 0.0281358 -18.9747 0.149293 0.974184 0.169346 37.8666 -0.0538609 -0.162999 0.985155 355.771
0.98791 -0.151949 0.0307562 -19.0438 0.144548 0.974514 0.171545 37.9947 -0.0560384 -0.165026 0.984696 356.85
0.988363 -0.14795 0.0353486 -19.1324 0.139674 0.974729 0.17434 38.1285 -0.060249 -0.167374 0.984051 357.964
0.988334 -0.148896 0.0320126 -19.063 0.141141 0.974435 0.174802 38.2996 -0.0572216 -0.168245 0.984083 359.107
0.988411 -0.148214 0.032812 -19.0586 0.140439 0.974858 0.173 38.5063 -0.0576282 -0.166387 0.984375 360.249
0.988628 -0.146538 0.0337954 -19.082 0.138679 0.975281 0.172031 38.6791 -0.0581691 -0.165388 0.984512 361.313
0.989452 -0.140935 0.033509 -19.0684 0.133161 0.975933 0.172693 38.8029 -0.0570411 -0.166409 0.984406 362.269
0.989469 -0.140777 0.033662 -19.074 0.132995 0.976003 0.172425 38.968 -0.0571276 -0.166132 0.984447 363.279
0.989466 -0.1415 0.0305727 -19.042 0.134247 0.975908 0.171991 39.141 -0.054173 -0.166075 0.984624 364.348
0.989331 -0.142781 0.0289573 -18.9652 0.135868 0.975975 0.170332 39.2958 -0.0525818 -0.16458 0.984961 365.241
0.98939 -0.142738 0.0270856 -18.958 0.136086 0.97578 0.171273 39.4397 -0.0508767 -0.16577 0.984851 366.3
0.988818 -0.146227 0.0292681 -18.9996 0.139198 0.975449 0.170657 39.6256 -0.0535042 -0.164675 0.984896 367.281
0.98874 -0.146686 0.0296046 -18.9911 0.139535 0.975205 0.171771 39.7675 -0.0540669 -0.165706 0.984692 368.233
0.988671 -0.146795 0.0313215 -18.9959 0.139308 0.975082 0.17265 39.9055 -0.0558852 -0.166331 0.984485 369.15
0.988973 -0.144832 0.0309199 -18.9715 0.137428 0.975316 0.172838 40.0252 -0.0551891 -0.166683 0.984465 370.046
0.989737 -0.140223 0.0275292 -18.8843 0.133467 0.975921 0.172523 40.1296 -0.0510581 -0.167078 0.984621 370.838
0.989222 -0.145005 0.0203362 -18.7636 0.13936 0.974991 0.173123 40.2594 -0.0449313 -0.168423 0.98469 371.641
0.98977 -0.141726 0.0164079 -18.7077 0.136766 0.975248 0.173742 40.3822 -0.0406255 -0.16972 0.984655 372.488
0.989842 -0.141662 0.0120557 -18.6437 0.137435 0.97511 0.17399 40.5187 -0.0364034 -0.170565 0.984674 373.341
0.990405 -0.137959 0.00807167 -18.5401 0.134386 0.97508 0.176521 40.5791 -0.0322231 -0.173742 0.984264 374.073
0.989892 -0.141662 0.00673189 -18.5044 0.138426 0.975428 0.171402 40.8037 -0.0308475 -0.168737 0.985178 374.867
0.990185 -0.139749 0.00211847 -18.4351 0.137337 0.97569 0.170786 40.9506 -0.025934 -0.168818 0.985306 375.677
0.990411 -0.138153 -0.000795927 -18.3606 0.136296 0.976125 0.169123 41.0902 -0.022588 -0.16761 0.985595 376.436
0.990314 -0.138556 -0.0089545 -18.2098 0.138044 0.975637 0.170517 41.1896 -0.0148898 -0.170101 0.985314 377.211
0.991026 -0.132563 -0.0171423 -18.0879 0.13352 0.975765 0.173362 41.2567 -0.00625456 -0.174095 0.984709 378.031
0.991035 -0.131553 -0.023324 -17.9932 0.133604 0.975147 0.176741 41.3465 -0.000506456 -0.178273 0.983981 378.796
0.991174 -0.130658 -0.0224244 -18.0558 0.132561 0.975118 0.177686 41.511 -0.00134969 -0.179091 0.983832 379.713
0.991479 -0.127888 -0.0247733 -18.0462 0.13026 0.975056 0.179715 41.6198 0.00117201 -0.18141 0.983407 380.522
0.991075 -0.130411 -0.0276248 -18.0348 0.133263 0.974452 0.180789 41.7633 0.00334207 -0.182857 0.983134 381.344
0.990812 -0.13163 -0.0310553 -17.9987 0.13509 0.974183 0.180883 41.88 0.00644392 -0.183416 0.983014 382.098
0.991087 -0.129298 -0.0320787 -18.0146 0.132972 0.974764 0.179314 42.0115 0.00808417 -0.181982 0.983269 382.912
0.991093 -0.127926 -0.0370041 -17.9867 0.132504 0.975056 0.178067 42.1308 0.0133017 -0.181384 0.983322 383.738
0.991113 -0.127596 -0.0376118 -18.045 0.132246 0.975644 0.175014 42.2934 0.0143648 -0.178432 0.983847 384.516
0.991266 -0.127463 -0.0338396 -18.2018 0.131429 0.975983 0.173733 42.4457 0.0108823 -0.176663 0.984211 385.3
0.991168 -0.127704 -0.0357497 -18.2392 0.132058 0.975127 0.17801 42.5149 0.0121279 -0.181159 0.983379 386.101
0.991185 -0.12759 -0.0356816 -18.3165 0.131956 0.974802 0.179859 42.6137 0.0118343 -0.182981 0.983045 386.88
0.991335 -0.126821 -0.0342365 -18.4112 0.130929 0.975037 0.179335 42.758 0.0106385 -0.182263 0.983192 387.693
0.991112 -0.128504 -0.03442 -18.4946 0.132606 0.975008 0.178258 42.8928 0.010653 -0.181238 0.983382 388.494
0.990951 -0.129154 -0.0365339 -18.5404 0.133649 0.974578 0.17982 43.0138 0.0123807 -0.183076 0.983021 389.307
0.990887 -0.129761 -0.036121 -18.6439 0.134168 0.974561 0.179528 43.1519 0.0119064 -0.182738 0.98309 390.085
0.990826 -0.129724 -0.0378784 -18.6615 0.13449 0.974007 0.182272 43.2456 0.0132489 -0.185694 0.982518 390.847
0.99098 -0.128973 -0.036398 -18.769 0.133475 0.974173 0.182133 43.3795 0.0119679 -0.185348 0.9826 391.652
0.990681 -0.129372 -0.0425824 -18.6939 0.135024 0.973885 0.182526 43.492 0.0178566 -0.186575 0.982278 392.311
0.99102 -0.124689 -0.0482858 -18.6332 0.131615 0.973354 0.187777 43.5162 0.0235855 -0.192446 0.981024 392.988
0.991066 -0.123825 -0.049556 -18.6492 0.131019 0.973375 0.188081 43.6498 0.0249474 -0.192894 0.980902 393.707
0.991176 -0.124006 -0.0468325 -18.77 0.13065 0.973612 0.18711 43.8025 0.0223938 -0.191578 0.981222 394.545
0.991194 -0.124017 -0.0464195 -18.826 0.130595 0.973501 0.187724 43.926 0.0219085 -0.192133 0.981124 395.313
0.991108 -0.123679 -0.0490673 -18.823 0.130803 0.973238 0.188939 44.0368 0.0243864 -0.193677 0.980762 396.102
0.990746 -0.126261 -0.0498061 -18.858 0.133455 0.973084 0.187878 44.2086 0.0247439 -0.192787 0.980929 396.929
0.990815 -0.125079 -0.0513883 -18.8388 0.132664 0.972725 0.19028 44.2959 0.0261866 -0.19535 0.980384 397.684
0.990337 -0.128368 -0.0524787 -18.8806 0.136136 0.972031 0.19137 44.4357 0.0264452 -0.196665 0.980114 398.509
0.989939 -0.130903 -0.053712 -18.9075 0.138883 0.971532 0.191932 44.5766 0.0270585 -0.19746 0.979937 399.323
0.98949 -0.133129 -0.0564439 -18.8839 0.141638 0.970937 0.192925 44.7115 0.0291196 -0.198892 0.979589 400.107
0.989121 -0.133536 -0.0617093 -18.8089 0.143089 0.97072 0.192948 44.8329 0.0341369 -0.199679 0.979267 400.859
0.988876 -0.134745 -0.0629911 -18.7718 0.144422 0.971126 0.189884 44.9946 0.0355865 -0.196869 0.979784 401.614
0.988693 -0.136132 -0.0628762 -18.8125 0.145757 0.970949 0.189771 45.139 0.0352158 -0.19679 0.979813 402.471
0.98862 -0.138088 -0.0596868 -18.9005 0.147048 0.970764 0.189721 45.3021 0.0317437 -0.196338 0.980022 403.354
0.988214 -0.141516 -0.05837 -18.948 0.150139 0.9704 0.189164 45.4638 0.0298723 -0.195698 0.980209 404.22
0.988802 -0.137101 -0.0589404 -18.9248 0.145996 0.970525 0.191744 45.569 0.0309149 -0.198202 0.979674 405.054
0.988433 -0.14039 -0.0573682 -18.9618 0.148888 0.970252 0.190902 45.7395 0.0288608 -0.197236 0.979931 405.927
0.988292 -0.141326 -0.0574927 -18.954 0.149923 0.969466 0.19406 45.8649 0.0283116 -0.200407 0.979304 406.763
0.988427 -0.142285 -0.0526102 -19.0341 0.149911 0.96925 0.195144 46.0244 0.0232263 -0.200772 0.979363 407.662
0.988022 -0.146325 -0.0490058 -19.123 0.153151 0.968718 0.19527 46.2015 0.0189 -0.200437 0.979524 408.597
0.988083 -0.148605 -0.0400984 -19.2679 0.153612 0.968529 0.195847 46.3708 0.00973261 -0.199672 0.979814 409.555
0.98763 -0.152508 -0.0364577 -19.3132 0.156708 0.968141 0.195311 46.5379 0.00550971 -0.198609 0.980063 410.463
0.986865 -0.157964 -0.0338246 -19.318 0.161535 0.967317 0.195459 46.7061 0.00184359 -0.198355 0.980128 411.316
0.987094 -0.156569 -0.0336425 -19.2528 0.160132 0.967371 0.196344 46.8522 0.00180344 -0.199197 0.979958 412.134
0.986239 -0.162312 -0.0314262 -19.2428 0.165318 0.966214 0.197738 47.0224 -0.00173098 -0.200212 0.979751 413.028
0.986677 -0.160361 -0.027434 -19.2723 0.162608 0.966682 0.197698 47.1789 -0.0051831 -0.199526 0.979879 413.959
0.986397 -0.162439 -0.0251727 -19.2927 0.164211 0.966864 0.195469 47.3795 -0.00741331 -0.196944 0.980387 414.91
0.985706 -0.167541 -0.0177283 -19.3841 0.167757 0.966332 0.195092 47.5849 -0.0155546 -0.195277 0.980625 415.918
0.985092 -0.17136 -0.0151532 -19.397 0.170987 0.965643 0.195694 47.7846 -0.0189016 -0.195368 0.980548 416.927
0.985013 -0.17215 -0.0107048 -19.3996 0.170843 0.965227 0.197862 47.9426 -0.0237295 -0.196726 0.980171 417.893
0.983973 -0.177941 -0.0116141 -19.3272 0.176693 0.96415 0.197976 48.1604 -0.0240303 -0.196855 0.980138 418.845
0.98214 -0.187857 -0.0104944 -19.2875 0.186177 0.962273 0.198414 48.41 -0.0271751 -0.196825 0.980062 419.846
0.97928 -0.202257 -0.0101428 -19.2418 0.200121 0.95883 0.201484 48.6517 -0.0310264 -0.199339 0.979439 420.909
0.978503 -0.206136 -0.00630109 -19.2375 0.203119 0.957991 0.202472 48.8663 -0.0357005 -0.199399 0.979268 421.997
0.975823 -0.218478 -0.0059976 -19.2516 0.215133 0.95532 0.202685 49.1656 -0.0385526 -0.199075 0.979226 423.198
0.975326 -0.220737 -0.00366251 -19.1566 0.216811 0.954588 0.20434 49.3621 -0.0416093 -0.200093 0.978893 424.239
0.974963 -0.222167 0.00942996 -19.3612 0.215564 0.954693 0.205169 49.5804 -0.0545846 -0.198 0.978681 425.321
0.973863 -0.225465 0.0274943 -19.6679 0.215175 0.954563 0.206179 49.818 -0.0727312 -0.194874 0.978128 426.4
0.97294 -0.226285 0.0467094 -20.0104 0.212133 0.954939 0.207584 50.0868 -0.0915778 -0.192058 0.977101 427.699
0.971316 -0.22964 0.0617269 -20.2002 0.212757 0.955204 0.205719 50.386 -0.106203 -0.186685 0.976662 428.821
0.969863 -0.231159 0.077009 -20.3063 0.211246 0.955268 0.206976 50.5876 -0.121409 -0.18447 0.975311 429.884
0.968185 -0.233061 0.0911102 -20.4188 0.210948 0.956009 0.203834 50.9241 -0.134608 -0.178129 0.974757 431.022
0.966656 -0.231099 0.110317 -20.5827 0.204911 0.956418 0.208031 51.1182 -0.153585 -0.178489 0.971881 432.178
0.965189 -0.232702 0.119417 -20.4274 0.204538 0.956089 0.209902 51.355 -0.163018 -0.178169 0.970402 433.296
0.963281 -0.234956 0.129944 -20.3131 0.205469 0.956619 0.206549 51.6639 -0.172837 -0.172266 0.969769 434.471
0.961022 -0.237766 0.141086 -20.1744 0.206214 0.956351 0.207046 51.8962 -0.184156 -0.169882 0.968105 435.579
0.958034 -0.241812 0.15394 -20.0574 0.206576 0.954721 0.214088 52.0645 -0.198739 -0.173304 0.964608 436.73
0.955932 -0.24192 0.166338 -19.9239 0.204593 0.955269 0.21355 52.3399 -0.21056 -0.170108 0.962667 437.917
0.953055 -0.245978 0.176581 -19.6909 0.206778 0.954722 0.213891 52.6117 -0.221199 -0.167337 0.960765 439.123
0.950685 -0.248499 0.185599 -19.441 0.206967 0.953953 0.217115 52.8552 -0.231006 -0.167995 0.958339 440.332
0.949266 -0.251138 0.18927 -19.0547 0.208574 0.953232 0.218736 53.1695 -0.235351 -0.168162 0.957252 441.525
0.946669 -0.253127 0.199362 -18.7467 0.208426 0.952926 0.220207 53.4422 -0.245718 -0.166911 0.954863 442.653
0.944174 -0.25208 0.212111 -18.4688 0.206423 0.954449 0.215444 53.7437 -0.256758 -0.159632 0.953201 443.876
0.938444 -0.258602 0.229014 -18.2514 0.212751 0.955015 0.206601 54.2115 -0.272139 -0.14516 0.951246 445.218
0.933057 -0.26698 0.241095 -17.9304 0.222164 0.954794 0.197513 54.6991 -0.282928 -0.130728 0.950191 446.509
0.928243 -0.272337 0.253372 -17.5749 0.224186 0.953135 0.20316 54.9911 -0.296826 -0.131779 0.945795 447.815
0.923755 -0.270649 0.270974 -17.3015 0.21993 0.954113 0.203222 55.2987 -0.313541 -0.128132 0.94089 449.063
0.919492 -0.272219 0.283605 -16.8948 0.217824 0.953374 0.208878 55.541 -0.327242 -0.130286 0.935916 450.355
0.914768 -0.272277 0.298438 -16.5258 0.213221 0.952877 0.215783 55.7592 -0.343127 -0.133758 0.929716 451.69
0.911104 -0.27066 0.310858 -16.0494 0.207907 0.952995 0.2204 56.013 -0.355899 -0.136178 0.924549 453.016
0.906212 -0.270815 0.324714 -15.5973 0.205366 0.953209 0.221852 56.3326 -0.369601 -0.13436 0.919425 454.337
0.90178 -0.269753 0.337678 -15.0977 0.200421 0.953227 0.226253 56.5896 -0.382916 -0.136352 0.913665 455.672
0.896355 -0.26647 0.354317 -14.6378 0.193433 0.95419 0.228264 56.8779 -0.398912 -0.136069 0.906838 456.932
0.890292 -0.267383 0.368628 -14.1206 0.192244 0.954486 0.228034 57.2567 -0.412823 -0.13215 0.901173 458.274
0.882176 -0.275437 0.381968 -13.5965 0.195661 0.952168 0.234719 57.5783 -0.428348 -0.132328 0.893872 459.689
0.874549 -0.276926 0.39809 -13.0694 0.193228 0.951926 0.237699 57.9239 -0.444777 -0.130957 0.886015 460.913
0.868426 -0.278971 0.409892 -12.4379 0.191623 0.951302 0.241465 58.2446 -0.457293 -0.13115 0.879593 462.205
0.862278 -0.278943 0.422692 -11.8189 0.188212 0.951367 0.243881 58.5757 -0.470164 -0.130738 0.872842 463.464
0.855893 -0.278135 0.435991 -11.1787 0.184351 0.951766 0.245268 58.915 -0.483179 -0.129548 0.865884 464.744
0.848587 -0.278198 0.450007 -10.5433 0.181632 0.95208 0.246076 59.2613 -0.496901 -0.127082 0.858452 466.043
0.842211 -0.278832 0.461446 -9.8625 0.180082 0.952212 0.246703 59.6219 -0.508183 -0.124678 0.852177 467.256
0.835458 -0.28103 0.472263 -9.13623 0.177648 0.951325 0.251837 59.8723 -0.520049 -0.126503 0.844717 468.421
0.827553 -0.279097 0.487094 -8.54789 0.171117 0.951778 0.254633 60.1718 -0.534672 -0.127373 0.835405 469.591
0.820769 -0.277653 0.499247 -7.83245 0.167013 0.952384 0.25509 60.5423 -0.546302 -0.12599 0.828059 470.808
0.814602 -0.277675 0.509234 -7.07492 0.163686 0.952329 0.257443 60.9036 -0.556444 -0.126359 0.821221 472.019
0.80799 -0.275951 0.520579 -6.31226 0.158671 0.95281 0.258797 61.264 -0.567429 -0.126505 0.813647 473.213
0.801439 -0.273462 0.531897 -5.53352 0.152312 0.953345 0.260643 61.6239 -0.578357 -0.127875 0.805699 474.411
0.79295 -0.273021 0.544693 -4.77277 0.148391 0.953602 0.261959 62.0158 -0.590941 -0.126893 0.796673 475.654
0.78557 -0.274705 0.554452 -3.95355 0.146672 0.953182 0.264445 62.3887 -0.601138 -0.126417 0.789083 476.823
0.77575 -0.272041 0.569391 -3.18866 0.139226 0.953854 0.266043 62.7396 -0.61549 -0.127109 0.777827 478.049
0.766898 -0.274585 0.580061 -2.33752 0.139528 0.953564 0.266922 63.1531 -0.626418 -0.123768 0.769599 479.233
0.758658 -0.272414 0.591802 -1.47157 0.13398 0.954204 0.267476 63.5313 -0.637564 -0.123633 0.760413 480.432
0.751163 -0.271971 0.601486 -0.565484 0.130269 0.954337 0.268832 63.9099 -0.647135 -0.123582 0.752292 481.561
0.743438 -0.268314 0.612623 0.311825 0.121385 0.954916 0.270925 64.2587 -0.657697 -0.127053 0.742491 482.694
0.735443 -0.264425 0.623861 1.19131 0.114435 0.955956 0.270282 64.6369 -0.667853 -0.127385 0.733311 483.797
0.726772 -0.264398 0.633953 2.11184 0.111285 0.956078 0.271166 65.0211 -0.677804 -0.126526 0.724274 484.88
0.718872 -0.262239 0.643781 3.04524 0.106794 0.956782 0.270487 65.438 -0.68689 -0.125693 0.71581 485.94
0.710806 -0.261233 0.653079 3.98996 0.103376 0.957192 0.270365 65.8479 -0.695751 -0.124664 0.707383 486.995
0.703791 -0.260944 0.660747 4.95546 0.0987446 0.957 0.272764 66.1995 -0.703511 -0.126723 0.699295 488.014
0.698329 -0.26151 0.666295 5.9668 0.0942979 0.956368 0.276528 66.5952 -0.709538 -0.130277 0.69252 489.041
0.692843 -0.256981 0.673743 6.95695 0.088326 0.95755 0.274401 67.0352 -0.715658 -0.130608 0.68613 490.126
0.688293 -0.257311 0.678265 7.95347 0.0858198 0.957296 0.276078 67.4078 -0.720339 -0.131814 0.680983 491.122
0.683638 -0.254787 0.683903 8.94204 0.0825284 0.95806 0.274427 67.8136 -0.72514 -0.131168 0.675993 492.168
0.679722 -0.253492 0.688273 9.94574 0.0783145 0.958098 0.275527 68.1888 -0.729277 -0.13338 0.671092 493.182
0.677432 -0.250799 0.691509 10.934 0.0736574 0.958484 0.275469 68.5491 -0.731888 -0.135677 0.667781 494.156
0.675121 -0.249614 0.694193 11.9723 0.0719637 0.958811 0.274777 68.9247 -0.734189 -0.135551 0.665277 495.154
0.673227 -0.24898 0.696257 13.0152 0.0710915 0.959039 0.274209 69.3232 -0.73601 -0.135107 0.663351 496.15
0.672424 -0.2456 0.698231 14.0249 0.07056 0.960318 0.269836 69.7527 -0.736795 -0.132177 0.66307 497.094
0.67419 -0.243485 0.697268 15.1229 0.0729821 0.961437 0.265166 70.1901 -0.734943 -0.127884 0.665961 498.086
0.674275 -0.241828 0.697763 16.1575 0.0726263 0.961997 0.263224 70.5916 -0.734901 -0.126809 0.666214 499.066
0.675066 -0.242035 0.696926 17.2177 0.0722315 0.961799 0.264056 70.9611 -0.734213 -0.127915 0.66676 500.03
0.675777 -0.241035 0.696583 18.2251 0.0691817 0.961592 0.26562 71.3183 -0.733852 -0.131309 0.666497 500.989
0.675885 -0.241632 0.696272 19.2222 0.068457 0.961226 0.267128 71.6803 -0.733821 -0.132883 0.66622 501.94
0.677216 -0.238629 0.696014 20.2423 0.0650487 0.961661 0.266414 72.0732 -0.732904 -0.135145 0.666775 502.918
0.679897 -0.239078 0.69324 21.3058 0.0656164 0.961403 0.267206 72.4441 -0.730366 -0.136185 0.669342 503.867
0.680196 -0.238958 0.692988 22.2722 0.0645922 0.961236 0.268055 72.7942 -0.730179 -0.137569 0.669263 504.85
0.682106 -0.237209 0.69171 23.2627 0.0632302 0.961514 0.267381 73.1528 -0.728515 -0.138645 0.670853 505.812
0.686079 -0.238858 0.687199 24.3081 0.0665827 0.961219 0.267628 73.5461 -0.724473 -0.137858 0.675376 506.775
0.688175 -0.239731 0.684795 25.2701 0.0658089 0.96057 0.270139 73.8558 -0.722554 -0.140838 0.676817 507.752
0.691655 -0.233993 0.683272 26.2147 0.0620761 0.961821 0.266547 74.2457 -0.719555 -0.141944 0.679774 508.704
0.699238 -0.235631 0.674941 27.2822 0.0663598 0.961436 0.266901 74.6445 -0.711803 -0.141839 0.687909 509.668
0.70457 -0.235604 0.669382 28.284 0.0671034 0.96117 0.267674 75.03 -0.706454 -0.143678 0.693022 510.674
0.711564 -0.236763 0.661529 29.2936 0.0680494 0.960312 0.270501 75.3356 -0.699318 -0.147462 0.699435 511.681
0.715368 -0.236389 0.657547 30.2153 0.071361 0.960833 0.267784 75.7168 -0.695094 -0.144641 0.704218 512.701
0.722054 -0.235845 0.650396 31.152 0.0705412 0.960299 0.269908 76.0325 -0.688231 -0.149009 0.710025 513.674
0.730125 -0.235799 0.641339 32.1001 0.0722319 0.959948 0.270708 76.412 -0.679485 -0.151326 0.717914 514.656
0.736826 -0.23775 0.6329 33.03 0.0750224 0.9591 0.272946 76.7792 -0.671908 -0.153632 0.724526 515.698
0.740876 -0.237868 0.62811 33.8923 0.0757925 0.958821 0.27371 77.1174 -0.667352 -0.155179 0.728396 516.743
0.745973 -0.238315 0.621876 34.7613 0.0773121 0.958457 0.274559 77.449 -0.661473 -0.156735 0.733408 517.783
0.754158 -0.237193 0.612361 35.6047 0.0801435 0.958764 0.272668 77.807 -0.651785 -0.156558 0.742069 518.776
0.760398 -0.235035 0.605437 36.4013 0.0789438 0.958756 0.273047 78.1397 -0.644642 -0.159829 0.74759 519.811
0.768541 -0.229658 0.597161 37.33 0.0785462 0.960163 0.268174 78.6334 -0.63496 -0.159198 0.755964 520.975
0.776055 -0.226679 0.58852 38.057 0.0770325 0.960256 0.268281 78.9368 -0.625943 -0.162865 0.762673 521.984
0.783627 -0.220944 0.580614 38.8096 0.0728944 0.960863 0.26726 79.2653 -0.61694 -0.167108 0.769064 523.06
0.794018 -0.214319 0.568861 39.6671 0.0723928 0.962467 0.261564 79.7364 -0.603568 -0.166505 0.779731 524.101
0.798042 -0.210753 0.564546 40.2792 0.0727077 0.963679 0.256975 80.1533 -0.598199 -0.16403 0.78438 525.295
0.805776 -0.203176 0.556277 41.0449 0.0708026 0.965621 0.250127 80.585 -0.587973 -0.16216 0.79246 526.506
0.814441 -0.201136 0.544271 41.8083 0.0719903 0.965778 0.249179 80.9118 -0.575764 -0.16376 0.801049 527.638
0.823458 -0.195398 0.532669 42.6365 0.0698313 0.966593 0.24662 81.301 -0.563063 -0.165885 0.809594 528.864
0.824855 -0.198472 0.529361 43.1867 0.0651235 0.963475 0.259758 81.4225 -0.56158 -0.179789 0.807653 530.19
0.832822 -0.196174 0.517613 43.9348 0.0676487 0.964156 0.256567 81.7915 -0.549392 -0.178659 0.816241 531.366
0.840787 -0.187582 0.507828 44.5823 0.0647375 0.966157 0.249697 82.2224 -0.537481 -0.177067 0.824477 532.488
0.847954 -0.179717 0.498675 45.1751 0.0620891 0.96797 0.243268 82.5954 -0.526422 -0.175318 0.831952 533.621
0.856568 -0.174027 0.485805 45.8545 0.0607189 0.968869 0.240012 82.9349 -0.51245 -0.176089 0.840469 534.777
0.863074 -0.172147 0.474835 46.4523 0.0611732 0.968831 0.240051 83.1895 -0.501359 -0.178134 0.846704 535.931
0.870768 -0.163435 0.463737 47.0715 0.0581156 0.97074 0.232993 83.6006 -0.488248 -0.175933 0.854788 537.326
0.877638 -0.157182 0.45282 47.648 0.0585373 0.97278 0.224215 84.0632 -0.475736 -0.170273 0.86295 538.447
0.867485 -0.161064 0.470667 47.0983 0.0615195 0.973607 0.219786 84.3732 -0.493644 -0.161706 0.854498 539.962
0.861158 -0.167033 0.480111 46.5392 0.0658993 0.973187 0.220375 84.2069 -0.504048 -0.158138 0.849075 539.39
0.868595 -0.162277 0.468198 46.7888 0.0640164 0.973686 0.218716 84.138 -0.49137 -0.160003 0.856128 539.39
0.878978 -0.181781 0.440856 47.5454 0.0842632 0.969152 0.231614 84.1604 -0.469359 -0.166435 0.86718 540.125
0.888863 -0.170903 0.425107 48.1316 0.0749038 0.969549 0.233163 84.3374 -0.45201 -0.175408 0.874597 541.306
0.900445 -0.17457 0.398403 48.7962 0.0844627 0.96867 0.233549 84.5208 -0.426691 -0.176648 0.886978 542.203
0.904899 -0.168624 0.390799 49.2601 0.080299 0.96932 0.232314 84.8592 -0.417983 -0.17884 0.890677 543.675
0.912697 -0.164045 0.374264 49.7815 0.0799904 0.969887 0.230046 85.1424 -0.400731 -0.180025 0.898335 544.939
0.92016 -0.163077 0.355967 50.2957 0.0833045 0.969861 0.228977 85.4267 -0.382579 -0.181042 0.906012 546.192
0.927175 -0.161259 0.338144 50.7678 0.0849387 0.969596 0.229498 85.6831 -0.364871 -0.184063 0.912683 547.449
0.933417 -0.160107 0.321089 51.1992 0.0878372 0.969653 0.22816 85.9762 -0.347876 -0.184765 0.919154 548.713
0.940035 -0.156284 0.303165 51.6178 0.0883285 0.970069 0.226195 86.2474 -0.329441 -0.185853 0.925704 549.98
0.943236 -0.154683 0.293903 51.8857 0.0904984 0.971139 0.220678 86.577 -0.319556 -0.181553 0.930012 551.308
0.948808 -0.15357 0.276006 52.257 0.0941567 0.971633 0.216942 86.8505 -0.301492 -0.179849 0.936353 552.539
0.955182 -0.151138 0.254528 52.6302 0.0966741 0.97196 0.214353 87.0898 -0.279788 -0.18014 0.94301 553.763
0.95879 -0.149078 0.241863 52.8844 0.0974165 0.972174 0.213044 87.3062 -0.266893 -0.180703 0.946633 554.966
0.963434 -0.146889 0.224096 53.168 0.0981592 0.971689 0.214909 87.4986 -0.249319 -0.185053 0.950576 556.197
0.966736 -0.144183 0.211264 53.3853 0.099102 0.972603 0.210293 87.7616 -0.235796 -0.182361 0.954539 557.393
0.969953 -0.136181 0.201606 53.5494 0.0931323 0.973379 0.209427 87.9672 -0.224759 -0.184358 0.956815 558.614
0.972049 -0.133429 0.193177 53.6773 0.0926437 0.97403 0.206598 88.2208 -0.215727 -0.182927 0.959166 559.839
0.974602 -0.13335 0.179916 53.8829 0.0957961 0.974421 0.203292 88.4408 -0.202423 -0.180893 0.962446 560.97
0.977455 -0.132932 0.164042 54.1406 0.0991693 0.974941 0.199139 88.644 -0.186403 -0.178381 0.966144 562.002
0.979112 -0.129303 0.15691 54.2571 0.0971042 0.975407 0.197867 88.8391 -0.178636 -0.178497 0.967589 563.166
0.980907 -0.128352 0.146106 54.4536 0.0981473 0.975304 0.197864 88.9848 -0.167894 -0.179746 0.96928 564.229
0.981322 -0.130261 0.141561 54.5764 0.101959 0.976188 0.191472 89.2137 -0.163132 -0.173462 0.971236 565.308
0.981239 -0.137287 0.135356 54.7342 0.110451 0.97575 0.188976 89.4024 -0.158018 -0.170481 0.972608 566.33
0.982586 -0.13137 0.131401 54.8641 0.104864 0.975874 0.191501 89.5225 -0.153388 -0.174387 0.972657 567.36
0.982519 -0.136486 0.126603 54.9842 0.110941 0.975386 0.190561 89.7138 -0.149496 -0.173184 0.973477 568.371
0.98367 -0.134784 0.119275 55.1351 0.110532 0.975411 0.190672 89.8574 -0.142042 -0.174375 0.974381 569.305
0.984094 -0.134118 0.116493 55.2328 0.110023 0.974996 0.193073 89.9966 -0.139475 -0.177185 0.974244 570.266
0.98332 -0.141267 0.114567 55.2989 0.117571 0.974281 0.192235 90.1879 -0.138777 -0.175559 0.974638 571.228
0.982888 -0.146466 0.111709 55.4184 0.12321 0.973554 0.192384 90.3397 -0.136932 -0.175329 0.974941 572.096
0.983632 -0.14366 0.108761 55.5093 0.120976 0.973861 0.192247 90.4785 -0.133537 -0.175942 0.975301 572.966
0.983019 -0.147004 0.109836 55.5572 0.124218 0.973628 0.19136 90.64 -0.13507 -0.174466 0.975355 573.856
0.983188 -0.146292 0.109267 55.6301 0.123832 0.973987 0.189778 90.7791 -0.134188 -0.173057 0.975728 574.675
0.982596 -0.151011 0.108171 55.7148 0.129032 0.973782 0.187348 90.936 -0.133627 -0.17013 0.976319 575.479
0.982396 -0.152496 0.1079 55.7959 0.130797 0.973893 0.185538 91.0614 -0.133377 -0.168159 0.976695 576.273
0.982447 -0.151657 0.108619 55.8661 0.130107 0.974351 0.183611 91.1842 -0.133679 -0.166256 0.97698 577.066
0.982198 -0.150921 0.111851 55.8821 0.129051 0.974784 0.182047 91.3363 -0.136505 -0.164371 0.976908 577.913
0.982345 -0.150501 0.111122 55.9766 0.128836 0.974921 0.181469 91.4561 -0.135646 -0.163948 0.977098 578.668
0.98232 -0.150894 0.110806 56.0525 0.129158 0.974716 0.182338 91.5769 -0.135518 -0.164803 0.976972 579.424
0.982539 -0.148806 0.111682 56.1229 0.126524 0.9745 0.185316 91.6812 -0.136411 -0.16795 0.976312 580.185
0.982651 -0.149003 0.110432 56.2239 0.127042 0.974582 0.184526 91.8141 -0.13512 -0.167296 0.976604 580.891
0.982316 -0.150797 0.110979 56.2927 0.128671 0.97429 0.18494 91.9382 -0.136014 -0.16739 0.976463 581.622
0.982772 -0.144603 0.115103 56.3075 0.121121 0.974311 0.189864 92.008 -0.139601 -0.172652 0.97504 582.394
0.982821 -0.144464 0.114857 56.4115 0.120924 0.974195 0.190583 92.1068 -0.139426 -0.17342 0.974929 583.031
0.982907 -0.144145 0.114529 56.4945 0.120728 0.974305 0.190145 92.2387 -0.138995 -0.173068 0.975053 583.694
0.982882 -0.144713 0.114019 56.5661 0.121731 0.974659 0.187675 92.3797 -0.138288 -0.170582 0.975591 584.356
0.982989 -0.144556 0.1133 56.6442 0.121697 0.974659 0.187694 92.4761 -0.137561 -0.170713 0.975671 584.958
0.982692 -0.145425 0.114756 56.6936 0.122051 0.974269 0.18948 92.5628 -0.139358 -0.172194 0.975156 585.574
0.982522 -0.146262 0.115143 56.7454 0.122782 0.974134 0.189703 92.6529 -0.139911 -0.17225 0.975067 586.158
0.9823 -0.148774 0.113815 56.825 0.12526 0.973483 0.191418 92.7242 -0.139275 -0.173774 0.974887 586.696
0.982321 -0.147988 0.114654 56.8664 0.124324 0.973591 0.191478 92.8149 -0.139962 -0.173838 0.974777 587.262
0.982272 -0.148578 0.114309 56.9273 0.124714 0.973189 0.193263 92.8976 -0.139959 -0.17558 0.974466 587.779
0.982368 -0.147777 0.114523 56.981 0.123874 0.973285 0.193317 92.9844 -0.140031 -0.175722 0.97443 588.285
0.982184 -0.148783 0.114796 57.0323 0.124928 0.973296 0.192584 93.0683 -0.140384 -0.174812 0.974543 588.754
0.981846 -0.150764 0.115107 57.085 0.126529 0.972667 0.194702 93.1321 -0.141314 -0.176603 0.974085 589.205
0.981726 -0.150784 0.116093 57.1206 0.126261 0.972551 0.195453 93.1948 -0.142377 -0.177223 0.973818 589.618
0.9814 -0.15118 0.118317 57.1531 0.125922 0.972145 0.197678 93.2525 -0.144906 -0.179103 0.9731 590.039
0.98122 -0.151708 0.119126 57.1982 0.126363 0.972176 0.197245 93.3214 -0.145735 -0.178487 0.97309 590.419
0.981316 -0.150729 0.119584 57.2463 0.125261 0.972253 0.197569 93.3838 -0.146045 -0.178898 0.972968 590.78
0.981161 -0.151856 0.119425 57.2958 0.126106 0.971735 0.199571 93.4311 -0.146355 -0.180752 0.972579 591.106
0.981165 -0.151605 0.119712 57.3372 0.125911 0.971905 0.198863 93.4933 -0.146497 -0.180044 0.972688 591.426
0.98139 -0.150384 0.119411 57.3816 0.124608 0.971869 0.199858 93.5457 -0.146107 -0.181259 0.972521 591.729
0.981354 -0.149985 0.120204 57.4117 0.124127 0.972014 0.199452 93.6049 -0.146755 -0.180812 0.972507 592.009
0.980901 -0.153003 0.120097 57.451 0.127198 0.971702 0.199039 93.641 -0.147152 -0.179962 0.972605 592.243
0.980701 -0.15358 0.120994 57.4694 0.127679 0.971737 0.198559 93.6923 -0.148069 -0.179279 0.972592 592.475
0.980621 -0.153859 0.121285 57.4936 0.127893 0.971695 0.198624 93.7301 -0.148412 -0.179263 0.972542 592.674
0.980641 -0.152218 0.123179 57.4948 0.126158 0.972237 0.197078 93.7826 -0.149758 -0.177723 0.972619 592.871
0.980875 -0.150442 0.123494 57.5119 0.124309 0.972434 0.197282 93.7989 -0.149769 -0.178157 0.972537 593.042
0.980638 -0.15088 0.124839 57.5169 0.124377 0.972265 0.198067 93.8146 -0.151261 -0.178705 0.972206 593.185
0.980883 -0.150945 0.122816 57.5556 0.124657 0.972026 0.19906 93.8317 -0.149428 -0.179945 0.972261 593.306
0.980737 -0.15132 0.123521 57.5665 0.125046 0.97217 0.198116 93.8635 -0.150063 -0.178854 0.972364 593.419
0.980891 -0.149964 0.123954 57.5742 0.123744 0.972496 0.197331 93.8849 -0.150137 -0.178221 0.972469 593.524
0.98076 -0.150653 0.124153 57.585 0.124332 0.972343 0.197712 93.8805 -0.150506 -0.178472 0.972366 593.613
0.980852 -0.149015 0.125391 57.5862 0.122714 0.972849 0.19623 93.897 -0.151228 -0.177085 0.972508 593.709
0.98088 -0.149046 0.125136 57.6101 0.123198 0.973316 0.193594 93.9275 -0.150651 -0.174476 0.973068 593.773
0.980923 -0.148716 0.125197 57.6207 0.122864 0.973362 0.193576 93.9349 -0.150649 -0.174501 0.973064 593.848
0.980885 -0.148887 0.125291 57.6297 0.12297 0.973289 0.193873 93.9487 -0.150809 -0.17476 0.972993 593.922
0.981077 -0.147291 0.125668 57.6302 0.121416 0.973608 0.19325 93.9636 -0.150816 -0.174336 0.973068 593.98
0.981239 -0.145936 0.125985 57.6326 0.120055 0.973829 0.192989 93.9738 -0.150852 -0.174243 0.973079 594.029
0.981116 -0.1459 0.126984 57.6257 0.120128 0.974181 0.191156 94.0031 -0.151595 -0.172292 0.973311 594.084
0.980733 -0.148764 0.126618 57.6394 0.122923 0.97369 0.19188 94.0016 -0.151831 -0.172619 0.973216 594.13
0.980741 -0.148609 0.12674 57.6437 0.12294 0.973929 0.19065 94.0199 -0.151768 -0.171397 0.973442 594.164
0.980391 -0.151203 0.126376 57.6549 0.125427 0.97342 0.191627 94.0164 -0.151991 -0.172019 0.973298 594.199
0.980092 -0.15376 0.125612 57.6796 0.128289 0.973287 0.190405 94.0245 -0.151533 -0.1705 0.973636 594.236
0.979721 -0.156449 0.125181 57.6888 0.130948 0.972824 0.190961 94.0183 -0.151655 -0.170697 0.973583 594.26
0.979583 -0.157371 0.125108 57.6931 0.131955 0.972787 0.190454 94.0228 -0.151675 -0.170056 0.973692 594.276
0.979575 -0.157434 0.125089 57.6967 0.132343 0.973137 0.188388 94.0377 -0.151387 -0.167986 0.974096 594.29
0.979807 -0.15804 0.122484 57.7328 0.133447 0.973057 0.188023 94.0372 -0.148898 -0.167881 0.974497 594.299
0.979906 -0.157219 0.12275 57.7325 0.132618 0.97321 0.187814 94.0386 -0.148989 -0.167761 0.974504 594.307
0.979876 -0.157187 0.123025 57.7259 0.132735 0.973441 0.186532 94.0492 -0.149078 -0.166448 0.974716 594.316
0.979866 -0.157248 0.123029 57.7271 0.132794 0.973431 0.186542 94.0481 -0.149094 -0.166448 0.974713 594.321
0.979945 -0.156641 0.123175 57.7259 0.132272 0.973635 0.185849 94.0538 -0.149039 -0.16583 0.974827 594.323
0.97998 -0.156436 0.123151 57.7261 0.132133 0.97373 0.185448 94.0536 -0.148927 -0.165463 0.974907 594.32
0.979749 -0.157987 0.123015 57.7304 0.133777 0.973605 0.184924 94.0568 -0.148984 -0.164722 0.975023 594.32
0.979764 -0.157796 0.123141 57.7295 0.133606 0.973678 0.184661 94.0563 -0.149039 -0.164472 0.975057 594.322
0.97967 -0.158367 0.123154 57.7292 0.134319 0.973762 0.1837 94.0669 -0.149014 -0.163423 0.975237 594.323
0.979696 -0.158134 0.123247 57.7288 0.134125 0.973854 0.183353 94.0651 -0.149019 -0.163099 0.975291 594.322
0.979417 -0.160016 0.123031 57.7324 0.136192 0.973765 0.182301 94.0795 -0.148975 -0.161793 0.975515 594.324
0.97945 -0.159835 0.123009 57.7326 0.135932 0.973698 0.182852 94.0722 -0.149 -0.162373 0.975415 594.326
0.979347 -0.160486 0.122978 57.7331 0.136834 0.973877 0.181216 94.0854 -0.148849 -0.160646 0.975724 594.328
0.979379 -0.160313 0.122949 57.7334 0.136663 0.973896 0.181245 94.0804 -0.148796 -0.160705 0.975722 594.326
0.979139 -0.162076 0.122551 57.7403 0.138492 0.973652 0.181167 94.0853 -0.148685 -0.160415 0.975787 594.33
0.979145 -0.161925 0.122699 57.7381 0.138294 0.973652 0.181321 94.0807 -0.148826 -0.160571 0.97574 594.331
0.978974 -0.163179 0.122402 57.7432 0.139586 0.973462 0.181349 94.0794 -0.148747 -0.160451 0.975772 594.334
0.978994 -0.162925 0.122584 57.741 0.139329 0.973529 0.181186 94.0786 -0.148859 -0.1603 0.975779 594.335
0.979011 -0.162803 0.122609 57.7401 0.139358 0.973713 0.18017 94.0866 -0.148718 -0.159302 0.975964 594.335
0.979037 -0.162594 0.122676 57.7393 0.13917 0.973777 0.179973 94.0858 -0.148721 -0.159127 0.975992 594.333
0.978773 -0.164383 0.122403 57.7443 0.141105 0.973634 0.179238 94.0967 -0.148639 -0.158161 0.976162 594.335
0.978787 -0.164198 0.122534 57.7426 0.140877 0.97364 0.179387 94.0927 -0.148759 -0.158319 0.976118 594.337
0.978698 -0.164767 0.122479 57.7438 0.141679 0.973796 0.177901 94.1053 -0.148582 -0.156759 0.976396 594.336
0.978709 -0.164631 0.12258 57.7428 0.141518 0.973809 0.177957 94.1008 -0.148667 -0.156821 0.976374 594.337
0.97843 -0.166567 0.122187 57.7494 0.143615 0.973631 0.177249 94.113 -0.148489 -0.155878 0.976552 594.34
0.978443 -0.166424 0.122278 57.7484 0.143405 0.973598 0.177598 94.106 -0.148606 -0.156235 0.976477 594.342
0.9782 -0.168025 0.122035 57.7526 0.145161 0.973486 0.176786 94.1179 -0.148503 -0.155217 0.976655 594.345
